1295879982000;
1296137723160;21.00,1000;
1296224633220;21.78,50000;21.00,1000;
1296225305030;21.79,50000;21.78,50000;21.00,1000;
1296225317500;21.79,50000;21.78,50000;21.00,1000;
1296225323550;21.79,25000;21.78,50000;21.00,1000;
1296226018040;21.79,25000;21.78,50000;21.00,400;21.00,1000;
1296227903170;21.78,50000;21.70,25000;21.00,400;21.00,1000;
1296227905330;21.70,25000;21.00,400;21.00,1000;
1296227905340;21.70,25000;21.00,400;21.00,1000;
1296228051160;21.75,50000;21.70,25000;21.00,400;21.00,1000;
1296228144710;21.76,10000;21.75,50000;21.70,25000;21.00,400;21.00,1000;
1296228522240;21.75,50000;21.70,25000;21.00,400;21.00,1000;
1296228524680;21.70,25000;21.00,400;21.00,1000;
1296228524680;21.70,25000;21.00,400;21.00,1000;
1296228824630;21.75,100;21.70,25000;21.00,400;21.00,1000;
1296229126730;21.75,100;21.75,50000;21.70,25000;21.00,400;21.00,1000;
1296229399690;21.70,25000;21.00,400;21.00,1000;
1296229399690;21.70,25000;21.00,400;21.00,1000;
1296229399700;21.70,25000;21.00,400;21.00,1000;
1296229524030;21.70,25000;21.00,400;21.00,1000;
1296229564610;21.75,43000;21.70,25000;21.00,400;21.00,1000;
1296229564620;21.75,43000;21.70,25000;21.00,400;21.00,1000;
1296230687540;21.75,23000;21.70,25000;21.00,400;21.00,1000;
1296230687580;21.75,23000;21.70,25000;21.00,400;21.00,1000;
1296230757890;21.75,23000;21.75,50000;21.70,25000;21.00,400;21.00,1000;
1296230757890;21.75,23000;21.75,50000;21.70,25000;21.00,400;21.00,1000;
1296230757920;21.75,3000;21.75,50000;21.70,25000;21.00,400;21.00,1000;
1296230757960;21.75,3000;21.75,50000;21.70,25000;21.00,400;21.00,1000;
1296230773910;21.75,3000;21.75,50000;21.75,50000;21.70,25000;21.00,400;21.00,1000;
1296230773920;21.75,3000;21.75,50000;21.75,50000;21.70,25000;21.00,400;21.00,1000;
1296230859940;21.75,23100;21.75,50000;21.70,25000;21.00,400;21.00,1000;
1296230859940;21.75,23100;21.75,50000;21.70,25000;21.00,400;21.00,1000;
1296231007630;21.75,23100;21.75,50000;21.75,50000;21.70,25000;21.00,400;21.00,1000;
1296231519750;21.75,23800;21.70,25000;21.00,400;21.00,1000;
1296231519760;21.75,23800;21.70,25000;21.00,400;21.00,1000;
1296231519760;21.75,23800;21.70,25000;21.00,400;21.00,1000;
1296231587090;21.75,23800;21.60,25000;21.00,400;21.00,1000;
1296231607300;21.75,3800;21.60,25000;21.00,400;21.00,1000;
1296231889980;21.75,3800;21.75,50000;21.60,25000;21.00,400;21.00,1000;
1296231889990;21.75,3800;21.75,50000;21.60,25000;21.00,400;21.00,1000;
1296231889990;21.75,3800;21.75,50000;21.60,25000;21.00,400;21.00,1000;
1296231900230;21.75,3800;21.75,50000;21.75,50000;21.60,25000;21.00,400;21.00,1000;
1296231900230;21.75,3800;21.75,50000;21.75,50000;21.60,25000;21.00,400;21.00,1000;
1296232202670;21.75,3800;21.75,50000;21.75,50000;21.60,25000;21.00,400;21.00,1000;
1296233544650;21.75,28800;21.75,50000;21.60,25000;21.00,400;21.00,1000;
1296233544660;21.75,28800;21.75,50000;21.60,25000;21.00,400;21.00,1000;
1296233550440;21.75,3800;21.75,50000;21.60,25000;21.00,400;21.00,1000;
1296233550440;21.75,3800;21.75,50000;21.60,25000;21.00,400;21.00,1000;
1296233785540;21.75,3800;21.75,50000;21.75,50000;21.60,25000;21.00,400;21.00,1000;
1296233785540;21.75,3800;21.75,50000;21.75,50000;21.60,25000;21.00,400;21.00,1000;
1296234327430;21.75,28800;21.75,50000;21.60,25000;21.00,400;21.00,1000;
1296234327430;21.75,28800;21.75,50000;21.60,25000;21.00,400;21.00,1000;
1296234376160;21.75,28800;21.75,50000;21.75,50000;21.60,25000;21.00,400;21.00,1000;
1296234804910;21.75,3800;21.75,50000;21.60,25000;21.00,400;21.00,1000;
1296234804910;21.75,3800;21.75,50000;21.60,25000;21.00,400;21.00,1000;
1296234804910;21.75,3800;21.75,50000;21.60,25000;21.00,400;21.00,1000;
1296234888030;21.75,3800;21.75,50000;21.75,50000;21.60,25000;21.00,400;21.00,1000;
1296234888030;21.75,3800;21.75,50000;21.75,50000;21.60,25000;21.00,400;21.00,1000;
1296234903280;21.75,23800;21.75,50000;21.60,25000;21.00,400;21.00,1000;
1296234903280;21.75,23800;21.75,50000;21.60,25000;21.00,400;21.00,1000;
1296234907180;21.75,23800;21.60,25000;21.00,400;21.00,1000;
1296234928190;21.75,23800;21.65,50000;21.60,25000;21.00,400;21.00,1000;
1296235137010;21.75,16800;21.65,50000;21.60,25000;21.00,400;21.00,1000;
1296235721470;21.75,16800;21.74,7000;21.65,50000;21.60,25000;21.00,400;21.00,1000;
1296235721470;21.75,16800;21.74,7000;21.65,50000;21.60,25000;21.00,400;21.00,1000;
1296235733010;21.75,16800;21.75,150000;21.74,7000;21.65,50000;21.60,25000;21.00,400;21.00,1000;
1296235733310;21.75,16800;21.74,7000;21.65,50000;21.60,25000;21.00,400;21.00,1000;
1296235753490;21.75,16800;21.74,7000;21.65,50000;21.60,25000;21.00,400;21.00,1000;
1296238582050;21.75,12200;21.74,7000;21.65,50000;21.60,25000;21.00,400;21.00,1000;
1296238582060;21.75,12200;21.74,7000;21.65,50000;21.60,25000;21.00,400;21.00,1000;
1296239169020;21.65,29200;21.60,25000;21.00,400;21.00,1000;
1296239169030;21.65,29200;21.60,25000;21.00,400;21.00,1000;
1296239199600;21.60,24200;21.00,400;21.00,1000;
1296239199610;21.60,24200;21.00,400;21.00,1000;
1296239199610;21.60,24200;21.00,400;21.00,1000;
1296239259690;21.61,20000;21.60,24200;21.00,400;21.00,1000;
1296239297030;21.61,20000;21.60,24200;21.60,10000;21.00,400;21.00,1000;
1296239865940;21.61,20000;21.60,10000;21.00,400;21.00,1000;
1296240442140;21.61,20000;21.60,10000;21.50,100;21.00,400;21.00,1000;
1296240583430;21.61,20000;21.60,10000;21.50,100;21.00,1000;
1296242984650;21.61,20000;21.60,10000;21.60,100;21.50,100;21.00,1000;
1296243472050;21.61,20000;21.61,500;21.60,10000;21.60,100;21.50,100;21.00,1000;
1296243742280;21.62,10000;21.61,20000;21.61,500;21.60,100;21.50,100;21.00,1000;
1296246043050;21.61,20000;21.61,500;21.60,100;21.50,100;21.00,1000;
1296246043060;21.61,20000;21.61,500;21.60,100;21.50,100;21.00,1000;
1296246064890;21.61,20000;21.61,500;21.61,20000;21.60,100;21.50,100;21.00,1000;
1296246727010;21.61,20000;21.61,20000;21.60,100;21.50,100;21.00,1000;
1296246865080;21.61,20000;21.61,20000;21.60,100;21.50,100;21.00,1000;
1296246865080;21.61,20000;21.61,20000;21.60,100;21.50,100;21.00,1000;
1296246871330;21.61,20000;21.60,100;21.50,100;21.00,1000;
1296246871370;21.61,20000;21.60,100;21.50,100;21.00,1000;
1296246904460;21.61,20000;21.60,100;21.50,100;21.00,1000;
1296246904480;21.61,20000;21.60,100;21.50,100;21.00,1000;
1296246953010;21.60,100;21.50,100;21.00,1000;
1296246953020;21.60,100;21.50,100;21.00,1000;
1296247043810;21.60,100;21.60,20000;21.50,100;21.00,1000;
1296247198550;21.60,100;21.60,20000;21.50,100;21.00,1000;
1296247198550;21.60,100;21.60,20000;21.50,100;21.00,1000;
1296247377040;21.62,30000;21.60,100;21.60,20000;21.50,100;21.00,1000;
1296247620810;21.63,20000;21.62,30000;21.60,100;21.60,20000;21.50,100;21.00,1000;
1296247640570;21.62,30000;21.60,100;21.60,20000;21.50,100;21.00,1000;
1296247870080;21.60,100;21.60,20000;21.50,100;21.00,1000;
1296247870080;21.60,100;21.60,20000;21.50,100;21.00,1000;
1296247973680;21.62,30000;21.60,100;21.60,20000;21.50,100;21.00,1000;
1296248415640;21.62,30000;21.60,100;21.60,20000;21.00,1000;
1296248418340;21.62,30000;21.60,20000;21.00,1000;
