1287429974000;110.70,600;
1287430001980;110.70,600;110.70,1500;
1287430038000;108.38,2000;110.70,600;110.70,1500;
1287583968020;108.38,2000;110.70,600;110.70,1500;
1287592316530;105.44,200;108.38,2000;110.70,600;110.70,1500;
1287592342150;105.44,200;105.54,1000;108.38,2000;110.70,600;110.70,1500;
1287592362280;105.44,200;105.54,1000;105.64,1000;108.38,2000;110.70,600;110.70,1500;
1287592382100;105.44,200;105.54,1000;105.64,1000;105.74,1000;108.38,2000;110.70,600;110.70,1500;
1287592406470;105.44,200;105.54,1000;105.64,1000;105.74,1000;105.84,1000;108.38,2000;110.70,600;110.70,1500;
1287592434640;105.44,200;105.54,1000;105.64,1000;105.74,1000;105.84,1000;105.94,1000;108.38,2000;110.70,600;110.70,1500;
1287592530040;105.44,200;105.54,1000;105.64,1000;105.74,1000;105.84,1000;105.94,1000;106.04,1000;108.38,2000;110.70,600;110.70,1500;
1287592554550;105.44,200;105.54,1000;105.64,1000;105.74,1000;105.84,1000;105.94,1000;106.04,1000;106.14,1000;108.38,2000;110.70,600;110.70,1500;
1287592570690;105.44,200;105.54,1000;105.64,1000;105.74,1000;105.84,1000;105.94,1000;106.04,1000;106.14,1000;106.24,1000;108.38,2000;110.70,600;110.70,1500;
1287592607140;105.44,200;105.54,1000;105.64,1000;105.74,1000;105.84,1000;105.94,1000;106.04,1000;106.14,1000;106.24,1000;106.34,1000;108.38,2000;110.70,600;110.70,1500;
1287676695040;105.00,2500;105.44,200;105.54,1000;105.64,1000;105.74,1000;105.84,1000;105.94,1000;106.04,1000;106.14,1000;106.24,1000;106.34,1000;108.38,2000;110.70,600;110.70,1500;
1288018967190;105.00,2500;105.44,200;105.54,1000;105.64,1000;105.74,1000;105.84,1000;105.94,1000;106.04,1000;106.14,1000;106.24,1000;106.34,1000;108.38,2000;110.70,600;110.70,1500;
1288184401350;105.00,2500;105.44,200;105.54,1000;105.64,1000;105.74,1000;105.84,1000;105.94,1000;106.04,1000;106.14,1000;106.24,1000;106.34,1000;108.38,2000;110.70,600;110.70,1500;
1288184401370;105.00,2500;105.44,200;105.54,1000;105.64,1000;105.74,1000;105.84,1000;105.94,1000;106.04,1000;106.14,1000;106.24,1000;106.34,1000;108.38,2000;110.70,600;110.70,1500;
1288184401400;105.00,2500;105.44,200;105.54,1000;105.64,1000;105.74,1000;105.84,1000;105.94,1000;106.04,1000;106.14,1000;106.24,1000;106.34,1000;108.38,2000;110.70,600;110.70,1500;
1288184401420;105.00,2500;105.44,200;105.54,1000;105.64,1000;105.74,1000;105.84,1000;105.94,1000;106.04,1000;106.14,1000;106.24,1000;106.34,1000;108.38,2000;110.70,600;110.70,1500;
1288184401490;105.00,2500;105.44,200;105.54,1000;105.64,1000;105.74,1000;105.84,1000;105.94,1000;106.04,1000;106.14,1000;106.24,1000;106.34,1000;108.38,2000;110.70,600;110.70,1500;
1288193934620;105.00,2500;105.44,200;105.54,1000;105.64,1000;105.74,1000;105.84,1000;105.94,1000;106.04,1000;106.14,1000;106.24,1000;106.34,1000;108.38,2000;110.70,600;110.70,1500;
1288198508540;105.00,2500;105.44,200;105.54,1000;105.64,1000;105.74,1000;105.84,1000;105.94,1000;106.04,1000;106.14,1000;106.24,1000;106.34,1000;108.38,2000;110.70,600;110.70,1500;
1288270806960;105.00,2500;105.44,200;105.54,1000;105.64,1000;105.74,1000;105.84,1000;105.94,1000;106.04,1000;106.14,1000;106.24,1000;106.34,1000;108.38,2000;110.70,600;110.70,1500;
1289228645930;105.00,2500;105.44,200;105.54,1000;105.64,1000;105.74,1000;105.84,1000;105.94,1000;106.04,1000;106.14,1000;106.24,1000;106.34,1000;108.38,2000;110.70,600;110.70,1500;
1289229284670;105.00,2500;105.44,200;105.54,1000;105.64,1000;105.74,1000;105.84,1000;105.94,1000;106.04,1000;106.14,1000;106.24,1000;106.34,1000;108.38,2000;110.70,600;110.70,1500;
1289229644600;105.00,2500;105.44,200;105.54,1000;105.64,1000;105.74,1000;105.84,1000;105.94,1000;106.04,1000;106.14,1000;106.24,1000;106.34,1000;108.38,2000;110.70,600;110.70,1500;
1289235253280;105.00,2500;105.44,200;105.54,1000;105.64,1000;105.74,1000;105.84,1000;105.94,1000;106.04,1000;106.14,1000;106.24,1000;106.34,1000;108.38,2000;110.70,600;110.70,1500;
1289235354430;105.00,2500;105.44,200;105.54,1000;105.64,1000;105.74,1000;105.84,1000;105.94,1000;106.04,1000;106.14,1000;106.24,1000;106.34,1000;108.38,2000;110.70,600;110.70,1500;
1289236559330;105.00,2500;105.44,200;105.54,1000;105.64,1000;105.74,1000;105.84,1000;105.94,1000;106.04,1000;106.14,1000;106.24,1000;106.34,1000;108.38,2000;110.70,600;110.70,1500;
1289316308150;104.00,2000;105.00,2500;105.44,200;105.54,1000;105.64,1000;105.74,1000;105.84,1000;105.94,1000;106.04,1000;106.14,1000;106.24,1000;106.34,1000;108.38,2000;110.70,600;110.70,1500;
1289316410140;104.00,2000;104.00,1000;105.00,2500;105.44,200;105.54,1000;105.64,1000;105.74,1000;105.84,1000;105.94,1000;106.04,1000;106.14,1000;106.24,1000;106.34,1000;108.38,2000;110.70,600;110.70,1500;
1289318448760;104.00,2000;104.00,1000;105.00,3000;105.00,2500;105.44,200;105.54,1000;105.64,1000;105.74,1000;105.84,1000;105.94,1000;106.04,1000;106.14,1000;106.24,1000;106.34,1000;108.38,2000;110.70,600;110.70,1500;
1289321000300;104.00,2000;104.00,1000;105.00,3000;105.00,2500;105.44,200;105.54,1000;105.64,1000;105.74,1000;105.84,1000;105.94,1000;106.04,1000;106.14,1000;106.24,1000;106.34,1000;108.38,2000;110.00,5000;110.70,600;110.70,1500;
1289325471760;103.00,1000;104.00,2000;104.00,1000;105.00,3000;105.00,2500;105.44,200;105.54,1000;105.64,1000;105.74,1000;105.84,1000;105.94,1000;106.04,1000;106.14,1000;106.24,1000;106.34,1000;108.38,2000;110.00,5000;110.70,600;110.70,1500;
1289401471450;103.00,1000;104.00,2000;104.00,1000;105.00,3000;105.00,2500;105.44,200;105.54,1000;105.64,1000;105.74,1000;105.84,1000;105.94,1000;106.04,1000;106.14,1000;106.24,1000;106.34,1000;108.38,2000;109.50,8500;110.00,5000;110.70,600;110.70,1500;
1289403039770;103.00,1000;104.00,2000;104.00,1000;105.00,3000;105.00,2500;105.44,200;105.54,1000;105.64,1000;105.74,1000;105.84,1000;105.94,1000;106.04,1000;106.14,1000;106.24,1000;106.34,1000;108.38,2000;109.00,200;109.50,8500;110.00,5000;110.70,600;110.70,1500;
1289403349150;103.00,1000;104.00,2000;104.00,1000;105.00,3000;105.00,2500;105.44,200;105.54,1000;105.64,1000;105.74,1000;105.84,1000;105.94,1000;106.04,1000;106.14,1000;106.24,1000;106.34,1000;107.00,400;108.38,2000;109.00,200;109.50,8500;110.00,5000;110.70,600;110.70,1500;
1289404388580;103.00,1000;104.00,2000;104.00,1000;105.00,3000;105.00,2500;105.44,200;105.54,1000;105.64,1000;105.74,1000;105.84,1000;105.94,1000;106.04,1000;106.14,1000;106.24,1000;106.34,1000;106.80,100;107.00,400;108.38,2000;109.00,200;109.50,8500;110.00,5000;110.70,600;110.70,1500;
1289419915000;103.00,1000;104.00,2000;104.00,1000;104.00,2400;105.00,3000;105.00,2500;105.44,200;105.54,1000;105.64,1000;105.74,1000;105.84,1000;105.94,1000;106.04,1000;106.14,1000;106.24,1000;106.34,1000;106.80,100;107.00,400;108.38,2000;109.00,200;109.50,8500;110.00,5000;110.70,600;110.70,1500;
1289419979990;103.00,1000;104.00,2000;104.00,1000;104.00,2400;104.00,2500;105.00,3000;105.00,2500;105.44,200;105.54,1000;105.64,1000;105.74,1000;105.84,1000;105.94,1000;106.04,1000;106.14,1000;106.24,1000;106.34,1000;106.80,100;107.00,400;108.38,2000;109.00,200;109.50,8500;110.00,5000;110.70,600;110.70,1500;
1289420038940;103.00,1000;104.00,2000;104.00,1000;104.00,2400;104.00,2500;104.00,1200;105.00,3000;105.00,2500;105.44,200;105.54,1000;105.64,1000;105.74,1000;105.84,1000;105.94,1000;106.04,1000;106.14,1000;106.24,1000;106.34,1000;106.80,100;107.00,400;108.38,2000;109.00,200;109.50,8500;110.00,5000;110.70,600;110.70,1500;
1289420072040;103.00,1000;104.00,2000;104.00,1000;104.00,2400;104.00,2500;104.00,1200;104.00,100;105.00,3000;105.00,2500;105.44,200;105.54,1000;105.64,1000;105.74,1000;105.84,1000;105.94,1000;106.04,1000;106.14,1000;106.24,1000;106.34,1000;106.80,100;107.00,400;108.38,2000;109.00,200;109.50,8500;110.00,5000;110.70,600;110.70,1500;
1289420109140;103.00,1000;104.00,2000;104.00,1000;104.00,2400;104.00,2500;104.00,1200;104.00,100;104.00,1200;105.00,3000;105.00,2500;105.44,200;105.54,1000;105.64,1000;105.74,1000;105.84,1000;105.94,1000;106.04,1000;106.14,1000;106.24,1000;106.34,1000;106.80,100;107.00,400;108.38,2000;109.00,200;109.50,8500;110.00,5000;110.70,600;110.70,1500;
1289420337070;103.00,1000;104.00,2000;104.00,1000;104.00,2400;104.00,2500;104.00,1200;104.00,100;104.00,1200;104.00,1300;105.00,3000;105.00,2500;105.44,200;105.54,1000;105.64,1000;105.74,1000;105.84,1000;105.94,1000;106.04,1000;106.14,1000;106.24,1000;106.34,1000;106.80,100;107.00,400;108.38,2000;109.00,200;109.50,8500;110.00,5000;110.70,600;110.70,1500;
1289421167970;103.00,1000;104.00,2000;104.00,1000;104.00,2400;104.00,2500;104.00,1200;104.00,100;104.00,1200;104.00,1300;104.00,300;105.00,3000;105.00,2500;105.44,200;105.54,1000;105.64,1000;105.74,1000;105.84,1000;105.94,1000;106.04,1000;106.14,1000;106.24,1000;106.34,1000;106.80,100;107.00,400;108.38,2000;109.00,200;109.50,8500;110.00,5000;110.70,600;110.70,1500;
1289421244970;103.00,1000;104.00,2000;104.00,1000;104.00,2400;104.00,2500;104.00,1200;104.00,100;104.00,1200;104.00,1300;104.00,300;104.00,900;105.00,3000;105.00,2500;105.44,200;105.54,1000;105.64,1000;105.74,1000;105.84,1000;105.94,1000;106.04,1000;106.14,1000;106.24,1000;106.34,1000;106.80,100;107.00,400;108.38,2000;109.00,200;109.50,8500;110.00,5000;110.70,600;110.70,1500;
1289421312180;103.00,1000;104.00,2000;104.00,1000;104.00,2400;104.00,2500;104.00,1200;104.00,100;104.00,1200;104.00,1300;104.00,300;104.00,900;104.00,100;105.00,3000;105.00,2500;105.44,200;105.54,1000;105.64,1000;105.74,1000;105.84,1000;105.94,1000;106.04,1000;106.14,1000;106.24,1000;106.34,1000;106.80,100;107.00,400;108.38,2000;109.00,200;109.50,8500;110.00,5000;110.70,600;110.70,1500;
1289421351100;103.00,1000;104.00,2000;104.00,1000;104.00,2400;104.00,2500;104.00,1200;104.00,100;104.00,1200;104.00,1300;104.00,300;104.00,900;104.00,100;104.00,900;105.00,3000;105.00,2500;105.44,200;105.54,1000;105.64,1000;105.74,1000;105.84,1000;105.94,1000;106.04,1000;106.14,1000;106.24,1000;106.34,1000;106.80,100;107.00,400;108.38,2000;109.00,200;109.50,8500;110.00,5000;110.70,600;110.70,1500;
1289421393910;103.00,1000;104.00,2000;104.00,1000;104.00,2400;104.00,2500;104.00,1200;104.00,100;104.00,1200;104.00,1300;104.00,300;104.00,900;104.00,100;104.00,900;104.00,100;105.00,3000;105.00,2500;105.44,200;105.54,1000;105.64,1000;105.74,1000;105.84,1000;105.94,1000;106.04,1000;106.14,1000;106.24,1000;106.34,1000;106.80,100;107.00,400;108.38,2000;109.00,200;109.50,8500;110.00,5000;110.70,600;110.70,1500;
1289494694740;103.00,1000;104.00,2000;104.00,1000;104.00,2400;104.00,2500;104.00,1200;104.00,100;104.00,1200;104.00,1300;104.00,300;104.00,900;104.00,100;104.00,900;104.00,100;105.00,3000;105.00,2500;105.00,2500;105.44,200;105.54,1000;105.64,1000;105.74,1000;105.84,1000;105.94,1000;106.04,1000;106.14,1000;106.24,1000;106.34,1000;106.80,100;107.00,400;108.38,2000;109.00,200;109.50,8500;110.00,5000;110.70,600;110.70,1500;
1289496459610;103.00,1000;103.00,2200;104.00,2000;104.00,1000;104.00,2400;104.00,2500;104.00,1200;104.00,100;104.00,1200;104.00,1300;104.00,300;104.00,900;104.00,100;104.00,900;104.00,100;105.00,3000;105.00,2500;105.00,2500;105.44,200;105.54,1000;105.64,1000;105.74,1000;105.84,1000;105.94,1000;106.04,1000;106.14,1000;106.24,1000;106.34,1000;106.80,100;107.00,400;108.38,2000;109.00,200;109.50,8500;110.00,5000;110.70,600;110.70,1500;
1289500777230;103.00,1000;103.00,2200;103.00,500;104.00,2000;104.00,1000;104.00,2400;104.00,2500;104.00,1200;104.00,100;104.00,1200;104.00,1300;104.00,300;104.00,900;104.00,100;104.00,900;104.00,100;105.00,3000;105.00,2500;105.00,2500;105.44,200;105.54,1000;105.64,1000;105.74,1000;105.84,1000;105.94,1000;106.04,1000;106.14,1000;106.24,1000;106.34,1000;106.80,100;107.00,400;108.38,2000;109.00,200;109.50,8500;110.00,5000;110.70,600;110.70,1500;
1289572293910;103.00,1000;103.00,2200;103.00,500;104.00,2000;104.00,1000;104.00,2400;104.00,2500;104.00,1200;104.00,100;104.00,1200;104.00,1300;104.00,300;104.00,900;104.00,100;104.00,900;104.00,100;105.00,3000;105.00,2500;105.00,2500;105.44,200;105.54,1000;105.64,1000;105.74,1000;105.84,1000;105.94,1000;106.04,1000;106.14,1000;106.24,1000;106.34,1000;106.80,100;107.00,400;108.38,2000;109.00,200;109.50,8500;110.00,5000;110.70,600;110.70,1500;
1289575269170;103.00,1000;103.00,2200;103.00,500;104.00,2000;104.00,1000;104.00,2400;104.00,2500;104.00,1200;104.00,100;104.00,1200;104.00,1300;104.00,300;104.00,900;104.00,100;104.00,900;104.00,100;105.00,3000;105.00,2500;105.00,2500;105.44,200;105.54,1000;105.64,1000;105.74,1000;105.84,1000;105.94,1000;106.04,1000;106.14,1000;106.24,1000;106.34,1000;106.80,100;106.92,1000;107.00,400;108.38,2000;109.00,200;109.50,8500;110.00,5000;110.70,600;110.70,1500;
1289575358990;103.00,1000;103.00,2200;103.00,500;104.00,2000;104.00,1000;104.00,2400;104.00,2500;104.00,1200;104.00,100;104.00,1200;104.00,1300;104.00,300;104.00,900;104.00,100;104.00,900;104.00,100;105.00,3000;105.00,2500;105.00,2500;105.44,200;105.54,1000;105.64,1000;105.74,1000;105.84,1000;105.94,1000;106.04,1000;106.14,1000;106.24,1000;106.34,1000;106.80,100;106.92,1000;107.00,400;108.38,2000;109.00,200;109.50,8500;110.00,5000;110.70,600;110.70,1500;122.30,500;
1289575404380;103.00,1000;103.00,2200;103.00,500;104.00,2000;104.00,1000;104.00,2400;104.00,2500;104.00,1200;104.00,100;104.00,1200;104.00,1300;104.00,300;104.00,900;104.00,100;104.00,900;104.00,100;105.00,3000;105.00,2500;105.00,2500;105.44,200;105.54,1000;105.64,1000;105.74,1000;105.84,1000;105.94,1000;106.04,1000;106.14,1000;106.24,1000;106.34,1000;106.80,100;106.92,1000;107.00,400;108.38,2000;109.00,200;109.50,8500;110.00,5000;110.70,600;110.70,1500;119.50,1100;122.30,500;
1289583510160;103.00,1000;103.00,2200;103.00,500;104.00,2000;104.00,1000;104.00,2400;104.00,2500;104.00,1200;104.00,100;104.00,1200;104.00,1300;104.00,300;104.00,900;104.00,100;104.00,900;104.00,100;105.00,3000;105.00,2500;105.00,2500;105.44,200;105.54,1000;105.64,1000;105.74,1000;105.84,1000;105.94,1000;106.04,1000;106.14,1000;106.24,1000;106.34,1000;106.50,200;106.80,100;106.92,1000;107.00,400;108.38,2000;109.00,200;109.50,8500;110.00,5000;110.70,600;110.70,1500;119.50,1100;122.30,500;
1289583991050;103.00,1000;103.00,2200;103.00,500;104.00,2000;104.00,1000;104.00,2400;104.00,2500;104.00,1200;104.00,100;104.00,1200;104.00,1300;104.00,300;104.00,900;104.00,100;104.00,900;104.00,100;105.00,3000;105.00,2500;105.00,2500;105.44,200;105.54,1000;105.64,1000;105.74,1000;105.84,1000;105.94,1000;106.04,1000;106.14,1000;106.24,1000;106.34,1000;106.50,200;106.80,100;106.92,1000;107.00,400;108.38,2000;109.00,200;109.50,8500;110.00,5000;110.70,600;110.70,1500;119.50,1100;122.30,500;
1289584072580;102.72,700;103.00,1000;103.00,2200;103.00,500;104.00,2000;104.00,1000;104.00,2400;104.00,2500;104.00,1200;104.00,100;104.00,1200;104.00,1300;104.00,300;104.00,900;104.00,100;104.00,900;104.00,100;105.00,3000;105.00,2500;105.00,2500;105.44,200;105.54,1000;105.64,1000;105.74,1000;105.84,1000;105.94,1000;106.04,1000;106.14,1000;106.24,1000;106.34,1000;106.50,200;106.80,100;106.92,1000;107.00,400;108.38,2000;109.00,200;109.50,8500;110.00,5000;110.70,600;110.70,1500;119.50,1100;122.30,500;
1289585370070;102.40,100;102.72,700;103.00,1000;103.00,2200;103.00,500;104.00,2000;104.00,1000;104.00,2400;104.00,2500;104.00,1200;104.00,100;104.00,1200;104.00,1300;104.00,300;104.00,900;104.00,100;104.00,900;104.00,100;105.00,3000;105.00,2500;105.00,2500;105.44,200;105.54,1000;105.64,1000;105.74,1000;105.84,1000;105.94,1000;106.04,1000;106.14,1000;106.24,1000;106.34,1000;106.50,200;106.80,100;106.92,1000;107.00,400;108.38,2000;109.00,200;109.50,8500;110.00,5000;110.70,600;110.70,1500;119.50,1100;122.30,500;
1289588540740;102.40,100;102.72,700;103.00,1000;103.00,2200;103.00,500;104.00,2000;104.00,1000;104.00,2400;104.00,2500;104.00,1200;104.00,100;104.00,1200;104.00,1300;104.00,300;104.00,900;104.00,100;104.00,900;104.00,100;105.00,3000;105.00,2500;105.00,2500;105.44,200;105.54,1000;105.64,1000;105.74,1000;105.84,1000;105.94,1000;106.04,1000;106.14,1000;106.24,1000;106.34,1000;106.50,200;106.80,100;106.92,1000;107.00,400;108.38,2000;109.00,200;109.50,8500;110.00,5000;110.70,600;110.70,1500;119.50,1100;122.30,500;
1289588828770;102.40,100;102.50,22000;102.72,700;103.00,1000;103.00,2200;103.00,500;104.00,2000;104.00,1000;104.00,2400;104.00,2500;104.00,1200;104.00,100;104.00,1200;104.00,1300;104.00,300;104.00,900;104.00,100;104.00,900;104.00,100;105.00,3000;105.00,2500;105.00,2500;105.44,200;105.54,1000;105.64,1000;105.74,1000;105.84,1000;105.94,1000;106.04,1000;106.14,1000;106.24,1000;106.34,1000;106.50,200;106.80,100;106.92,1000;107.00,400;108.38,2000;109.00,200;109.50,8500;110.00,5000;110.70,600;110.70,1500;119.50,1100;122.30,500;
1289590795680;102.40,100;102.50,22000;102.72,700;103.00,1000;103.00,2200;103.00,500;104.00,2000;104.00,1000;104.00,2400;104.00,2500;104.00,1200;104.00,100;104.00,1200;104.00,1300;104.00,300;104.00,900;104.00,100;104.00,900;104.00,100;105.00,3000;105.00,2500;105.00,2500;105.44,200;105.54,1000;105.64,1000;105.74,1000;105.84,1000;105.94,1000;106.04,1000;106.14,1000;106.24,1000;106.34,1000;106.50,200;106.80,100;106.92,1000;107.00,400;108.38,2000;109.00,200;109.50,8500;110.00,5000;110.70,600;110.70,1500;119.50,1100;122.30,500;
1289592382000;102.40,100;102.50,22000;102.72,700;103.00,1000;103.00,2200;103.00,500;104.00,2000;104.00,1000;104.00,2400;104.00,2500;104.00,1200;104.00,100;104.00,1200;104.00,1300;104.00,300;104.00,900;104.00,100;104.00,900;104.00,100;105.00,3000;105.00,2500;105.00,2500;105.44,200;105.54,1000;105.64,1000;105.74,1000;105.84,1000;105.94,1000;106.04,1000;106.14,1000;106.24,1000;106.34,1000;106.50,200;106.80,100;106.92,1000;107.00,400;108.38,2000;109.00,200;109.50,8500;110.00,5000;110.70,600;110.70,1500;119.50,1100;122.30,500;
1289592521290;102.40,100;102.50,22000;102.72,700;103.00,1000;103.00,2200;103.00,500;104.00,2000;104.00,1000;104.00,2400;104.00,2500;104.00,1200;104.00,100;104.00,1200;104.00,1300;104.00,300;104.00,900;104.00,100;104.00,900;104.00,100;105.00,3000;105.00,2500;105.00,2500;105.44,200;105.54,1000;105.64,1000;105.74,1000;105.84,1000;105.94,1000;106.04,1000;106.14,1000;106.24,1000;106.34,1000;106.50,200;106.80,100;106.92,1000;107.00,400;108.38,2000;109.00,200;109.50,8500;110.00,5000;110.70,600;110.70,1500;119.50,1100;122.30,500;
1289593354980;102.40,100;102.50,22000;102.72,700;103.00,1000;103.00,2200;103.00,500;104.00,2000;104.00,1000;104.00,2400;104.00,2500;104.00,1200;104.00,100;104.00,1200;104.00,1300;104.00,300;104.00,900;104.00,100;104.00,900;104.00,100;105.00,3000;105.00,2500;105.00,2500;105.44,200;105.54,1000;105.64,1000;105.74,1000;105.84,1000;105.94,1000;106.04,1000;106.14,1000;106.24,1000;106.34,1000;106.50,200;106.80,100;106.92,1000;107.00,400;108.38,2000;109.00,200;109.50,8500;110.00,5000;110.70,600;110.70,1500;119.50,1100;122.30,500;
1289593505490;102.40,100;102.50,22000;102.72,700;103.00,1000;103.00,2200;103.00,500;104.00,2000;104.00,1000;104.00,2400;104.00,2500;104.00,1200;104.00,100;104.00,1200;104.00,1300;104.00,300;104.00,900;104.00,100;104.00,900;104.00,100;105.00,3000;105.00,2500;105.00,2500;105.44,200;105.54,1000;105.64,1000;105.74,1000;105.84,1000;105.94,1000;106.04,1000;106.14,1000;106.24,1000;106.34,1000;106.50,200;106.80,100;106.92,1000;107.00,400;108.38,2000;109.00,200;109.50,8500;110.00,5000;110.70,600;110.70,1500;119.50,1100;122.30,500;
1289593587990;102.40,100;102.50,22000;102.72,700;103.00,1000;103.00,2200;103.00,500;104.00,2000;104.00,1000;104.00,2400;104.00,2500;104.00,1200;104.00,100;104.00,1200;104.00,1300;104.00,300;104.00,900;104.00,100;104.00,900;104.00,100;105.00,3000;105.00,2500;105.00,2500;105.44,200;105.54,1000;105.64,1000;105.74,1000;105.84,1000;105.94,1000;106.04,1000;106.14,1000;106.24,1000;106.34,1000;106.50,200;106.80,100;106.92,1000;107.00,400;108.38,2000;109.00,200;109.50,8500;110.00,5000;110.70,600;110.70,1500;119.50,1100;122.30,500;
1289593712970;102.40,100;102.50,22000;102.72,700;103.00,1000;103.00,2200;103.00,500;104.00,2000;104.00,1000;104.00,2400;104.00,2500;104.00,1200;104.00,100;104.00,1200;104.00,1300;104.00,300;104.00,900;104.00,100;104.00,900;104.00,100;105.00,3000;105.00,2500;105.00,2500;105.44,200;105.54,1000;105.64,1000;105.74,1000;105.84,1000;105.94,1000;106.04,1000;106.14,1000;106.24,1000;106.34,1000;106.50,200;106.80,100;106.92,1000;107.00,400;108.38,2000;109.00,200;109.50,8500;110.00,5000;110.70,600;110.70,1500;119.50,1100;122.30,500;
1289594122940;102.40,100;102.50,22000;102.72,700;103.00,1000;103.00,2200;103.00,500;104.00,2000;104.00,1000;104.00,2400;104.00,2500;104.00,1200;104.00,100;104.00,1200;104.00,1300;104.00,300;104.00,900;104.00,100;104.00,900;104.00,100;105.00,3000;105.00,2500;105.00,2500;105.44,200;105.54,1000;105.64,1000;105.74,1000;105.84,1000;105.94,1000;106.04,1000;106.14,1000;106.24,1000;106.34,1000;106.50,200;106.80,100;106.92,1000;107.00,400;108.38,2000;109.00,200;109.50,8500;110.00,5000;110.70,600;110.70,1500;119.50,1100;122.30,500;
1289594213990;102.40,100;102.50,22000;102.72,700;103.00,1000;103.00,2200;103.00,500;104.00,2000;104.00,1000;104.00,2400;104.00,2500;104.00,1200;104.00,100;104.00,1200;104.00,1300;104.00,300;104.00,900;104.00,100;104.00,900;104.00,100;105.00,3000;105.00,2500;105.00,2500;105.44,200;105.54,1000;105.64,1000;105.74,1000;105.84,1000;105.94,1000;106.04,1000;106.14,1000;106.24,1000;106.34,1000;106.50,200;106.80,100;106.92,1000;107.00,400;108.38,2000;109.00,200;109.50,8500;110.00,5000;110.70,600;110.70,1500;119.50,1100;122.30,500;
1289594313010;102.40,100;102.50,22000;102.72,700;103.00,1000;103.00,2200;103.00,500;104.00,2000;104.00,1000;104.00,2400;104.00,2500;104.00,1200;104.00,100;104.00,1200;104.00,1300;104.00,300;104.00,900;104.00,100;104.00,900;104.00,100;105.00,3000;105.00,2500;105.00,2500;105.44,200;105.54,1000;105.64,1000;105.74,1000;105.84,1000;105.94,1000;106.04,1000;106.14,1000;106.24,1000;106.34,1000;106.50,200;106.80,100;106.92,1000;107.00,400;108.38,2000;109.00,200;109.50,8500;110.00,5000;110.70,600;110.70,1500;119.50,1100;122.30,500;
1289594399460;102.40,100;102.50,22000;102.72,700;103.00,1000;103.00,2200;103.00,500;104.00,2000;104.00,1000;104.00,2400;104.00,2500;104.00,1200;104.00,100;104.00,1200;104.00,1300;104.00,300;104.00,900;104.00,100;104.00,900;104.00,100;105.00,3000;105.00,2500;105.00,2500;105.44,200;105.54,1000;105.64,1000;105.74,1000;105.84,1000;105.94,1000;106.04,1000;106.14,1000;106.24,1000;106.34,1000;106.50,200;106.80,100;106.92,1000;107.00,400;108.38,2000;109.00,200;109.50,8500;110.00,5000;110.70,600;110.70,1500;119.50,1100;122.30,500;
1289594562970;102.40,100;102.50,22000;102.72,700;103.00,1000;103.00,2200;103.00,500;104.00,2000;104.00,1000;104.00,2400;104.00,2500;104.00,1200;104.00,100;104.00,1200;104.00,1300;104.00,300;104.00,900;104.00,100;104.00,900;104.00,100;105.00,3000;105.00,2500;105.00,2500;105.44,200;105.54,1000;105.64,1000;105.74,1000;105.84,1000;105.94,1000;106.04,1000;106.14,1000;106.24,1000;106.34,1000;106.50,200;106.80,100;106.92,1000;107.00,400;108.38,2000;109.00,200;109.50,8500;110.00,5000;110.70,600;110.70,1500;119.50,1100;122.30,500;
1289594631980;102.40,100;102.50,22000;102.72,700;103.00,1000;103.00,2200;103.00,500;104.00,2000;104.00,1000;104.00,2400;104.00,2500;104.00,1200;104.00,100;104.00,1200;104.00,1300;104.00,300;104.00,900;104.00,100;104.00,900;104.00,100;105.00,3000;105.00,2500;105.00,2500;105.44,200;105.54,1000;105.64,1000;105.74,1000;105.84,1000;105.94,1000;106.04,1000;106.14,1000;106.24,1000;106.34,1000;106.50,200;106.80,100;106.92,1000;107.00,400;108.38,2000;109.00,200;109.50,8500;110.00,5000;110.70,600;110.70,1500;119.50,1100;122.30,500;
1289594829000;102.40,100;102.50,22000;102.72,700;103.00,1000;103.00,2200;103.00,500;104.00,2000;104.00,1000;104.00,2400;104.00,2500;104.00,1200;104.00,100;104.00,1200;104.00,1300;104.00,300;104.00,900;104.00,100;104.00,900;104.00,100;105.00,3000;105.00,2500;105.00,2500;105.44,200;105.54,1000;105.64,1000;105.74,1000;105.84,1000;105.94,1000;106.04,1000;106.14,1000;106.24,1000;106.34,1000;106.50,200;106.80,100;106.92,1000;107.00,400;108.38,2000;109.00,200;109.50,8500;110.00,5000;110.70,600;110.70,1500;119.50,1100;122.30,500;
1289915402380;102.40,100;102.50,22000;102.72,700;103.00,1000;103.00,2200;103.00,500;104.00,2000;104.00,1000;104.00,2400;104.00,2500;104.00,1200;104.00,100;104.00,1200;104.00,1300;104.00,300;104.00,900;104.00,100;104.00,900;104.00,100;105.00,3000;105.00,2500;105.00,2500;105.44,200;105.54,1000;105.64,1000;105.74,1000;105.84,1000;105.94,1000;106.04,1000;106.14,1000;106.24,1000;106.34,1000;106.50,200;106.80,100;106.92,1000;107.00,400;108.38,2000;109.00,200;109.50,8500;110.00,5000;110.70,600;110.70,1500;119.50,1100;122.30,500;
1289916001450;0.00,500;102.40,100;102.50,22000;102.72,700;103.00,1000;103.00,2200;103.00,500;104.00,2000;104.00,1000;104.00,2400;104.00,2500;104.00,1200;104.00,100;104.00,1200;104.00,1300;104.00,300;104.00,900;104.00,100;104.00,900;104.00,100;105.00,3000;105.00,2500;105.00,2500;105.44,200;105.54,1000;105.64,1000;105.74,1000;105.84,1000;105.94,1000;106.04,1000;106.14,1000;106.24,1000;106.34,1000;106.50,200;106.80,100;106.92,1000;107.00,400;108.38,2000;109.00,200;109.50,8500;110.00,5000;110.70,600;110.70,1500;119.50,1100;122.30,500;
1289916003030;0.00,500;102.30,100;102.40,100;102.50,22000;102.72,700;103.00,1000;103.00,2200;103.00,500;104.00,2000;104.00,1000;104.00,2400;104.00,2500;104.00,1200;104.00,100;104.00,1200;104.00,1300;104.00,300;104.00,900;104.00,100;104.00,900;104.00,100;105.00,3000;105.00,2500;105.00,2500;105.44,200;105.54,1000;105.64,1000;105.74,1000;105.84,1000;105.94,1000;106.04,1000;106.14,1000;106.24,1000;106.34,1000;106.50,200;106.80,100;106.92,1000;107.00,400;108.38,2000;109.00,200;109.50,8500;110.00,5000;110.70,600;110.70,1500;119.50,1100;122.30,500;
1289916003240;0.00,500;102.30,100;102.40,100;102.50,22000;102.72,700;103.00,1000;103.00,2200;103.00,500;104.00,2000;104.00,1000;104.00,2400;104.00,2500;104.00,1200;104.00,100;104.00,1200;104.00,1300;104.00,300;104.00,900;104.00,100;104.00,900;104.00,100;105.00,3000;105.00,2500;105.00,2500;105.44,200;105.54,1000;105.64,1000;105.74,1000;105.84,1000;105.94,1000;106.00,2000;106.04,1000;106.14,1000;106.24,1000;106.34,1000;106.50,200;106.80,100;106.92,1000;107.00,400;108.38,2000;109.00,200;109.50,8500;110.00,5000;110.70,600;110.70,1500;119.50,1100;122.30,500;
1289916003410;0.00,500;98.33,11500;102.30,100;102.40,100;102.50,22000;102.72,700;103.00,1000;103.00,2200;103.00,500;104.00,2000;104.00,1000;104.00,2400;104.00,2500;104.00,1200;104.00,100;104.00,1200;104.00,1300;104.00,300;104.00,900;104.00,100;104.00,900;104.00,100;105.00,3000;105.00,2500;105.00,2500;105.44,200;105.54,1000;105.64,1000;105.74,1000;105.84,1000;105.94,1000;106.00,2000;106.04,1000;106.14,1000;106.24,1000;106.34,1000;106.50,200;106.80,100;106.92,1000;107.00,400;108.38,2000;109.00,200;109.50,8500;110.00,5000;110.70,600;110.70,1500;119.50,1100;122.30,500;
1289916011800;0.00,500;98.33,11500;102.30,100;102.40,100;102.50,22000;102.72,700;103.00,1000;103.00,2200;103.00,500;104.00,2000;104.00,1000;104.00,2400;104.00,2500;104.00,1200;104.00,100;104.00,1200;104.00,1300;104.00,300;104.00,900;104.00,100;104.00,900;104.00,100;105.00,3000;105.00,2500;105.00,2500;105.44,200;105.54,1000;105.64,1000;105.74,1000;105.84,1000;105.94,1000;106.00,2000;106.04,1000;106.14,1000;106.24,1000;106.34,1000;106.50,200;106.80,100;106.92,1000;107.00,400;108.38,2000;109.00,200;109.50,8500;110.00,5000;110.70,600;110.70,1500;119.50,1100;122.30,500;
1289916011830;0.00,500;98.33,11500;102.30,100;102.40,100;102.50,22000;102.72,700;103.00,1000;103.00,2200;103.00,500;104.00,2000;104.00,1000;104.00,2400;104.00,2500;104.00,1200;104.00,100;104.00,1200;104.00,1300;104.00,300;104.00,900;104.00,100;104.00,900;104.00,100;105.00,3000;105.00,2500;105.00,2500;105.44,200;105.54,1000;105.64,1000;105.74,1000;105.84,1000;105.94,1000;106.00,2000;106.04,1000;106.14,1000;106.24,1000;106.34,1000;106.50,200;106.80,100;106.92,1000;107.00,400;108.38,2000;109.00,200;109.50,8500;110.00,5000;110.70,600;110.70,1500;115.00,400;119.50,1100;122.30,500;
1289916011880;0.00,500;98.33,11500;102.30,100;102.40,100;102.50,22000;102.72,700;103.00,1000;103.00,2200;103.00,500;104.00,2000;104.00,1000;104.00,2400;104.00,2500;104.00,1200;104.00,100;104.00,1200;104.00,1300;104.00,300;104.00,900;104.00,100;104.00,900;104.00,100;105.00,3000;105.00,2500;105.00,2500;105.44,200;105.54,1000;105.64,1000;105.74,1000;105.84,1000;105.94,1000;106.00,2000;106.04,1000;106.14,1000;106.24,1000;106.34,1000;106.50,200;106.80,100;106.92,1000;107.00,400;108.38,2000;109.00,200;109.50,8500;110.00,5000;110.70,600;110.70,1500;115.00,400;119.50,1100;122.30,500;
1289916011930;0.00,500;98.33,11500;102.00,100;102.30,100;102.40,100;102.50,22000;102.72,700;103.00,1000;103.00,2200;103.00,500;104.00,2000;104.00,1000;104.00,2400;104.00,2500;104.00,1200;104.00,100;104.00,1200;104.00,1300;104.00,300;104.00,900;104.00,100;104.00,900;104.00,100;105.00,3000;105.00,2500;105.00,2500;105.44,200;105.54,1000;105.64,1000;105.74,1000;105.84,1000;105.94,1000;106.00,2000;106.04,1000;106.14,1000;106.24,1000;106.34,1000;106.50,200;106.80,100;106.92,1000;107.00,400;108.38,2000;109.00,200;109.50,8500;110.00,5000;110.70,600;110.70,1500;115.00,400;119.50,1100;122.30,500;
1289916011970;0.00,500;98.33,11500;100.00,100;102.00,100;102.30,100;102.40,100;102.50,22000;102.72,700;103.00,1000;103.00,2200;103.00,500;104.00,2000;104.00,1000;104.00,2400;104.00,2500;104.00,1200;104.00,100;104.00,1200;104.00,1300;104.00,300;104.00,900;104.00,100;104.00,900;104.00,100;105.00,3000;105.00,2500;105.00,2500;105.44,200;105.54,1000;105.64,1000;105.74,1000;105.84,1000;105.94,1000;106.00,2000;106.04,1000;106.14,1000;106.24,1000;106.34,1000;106.50,200;106.80,100;106.92,1000;107.00,400;108.38,2000;109.00,200;109.50,8500;110.00,5000;110.70,600;110.70,1500;115.00,400;119.50,1100;122.30,500;
1289916012010;0.00,500;98.33,11500;100.00,100;100.00,9000;102.00,100;102.30,100;102.40,100;102.50,22000;102.72,700;103.00,1000;103.00,2200;103.00,500;104.00,2000;104.00,1000;104.00,2400;104.00,2500;104.00,1200;104.00,100;104.00,1200;104.00,1300;104.00,300;104.00,900;104.00,100;104.00,900;104.00,100;105.00,3000;105.00,2500;105.00,2500;105.44,200;105.54,1000;105.64,1000;105.74,1000;105.84,1000;105.94,1000;106.00,2000;106.04,1000;106.14,1000;106.24,1000;106.34,1000;106.50,200;106.80,100;106.92,1000;107.00,400;108.38,2000;109.00,200;109.50,8500;110.00,5000;110.70,600;110.70,1500;115.00,400;119.50,1100;122.30,500;
1289916012060;0.00,500;98.33,11500;100.00,100;100.00,9000;102.00,100;102.30,100;102.40,100;102.50,22000;102.72,700;103.00,1000;103.00,2200;103.00,500;104.00,2000;104.00,1000;104.00,2400;104.00,2500;104.00,1200;104.00,100;104.00,1200;104.00,1300;104.00,300;104.00,900;104.00,100;104.00,900;104.00,100;105.00,3000;105.00,2500;105.00,2500;105.44,200;105.54,1000;105.64,1000;105.74,1000;105.84,1000;105.94,1000;106.00,2000;106.04,1000;106.14,1000;106.24,1000;106.34,1000;106.50,200;106.80,100;106.92,1000;107.00,400;108.38,2000;109.00,200;109.50,8500;110.00,5000;110.70,600;110.70,1500;115.00,400;119.50,1100;122.30,500;
1289916012100;0.00,500;98.33,11500;100.00,100;100.00,9000;102.00,100;102.30,100;102.40,100;102.50,22000;102.72,700;103.00,1000;103.00,2200;103.00,500;104.00,2000;104.00,1000;104.00,2400;104.00,2500;104.00,1200;104.00,100;104.00,1200;104.00,1300;104.00,300;104.00,900;104.00,100;104.00,900;104.00,100;105.00,3000;105.00,2500;105.00,2500;105.44,200;105.54,1000;105.64,1000;105.74,1000;105.84,1000;105.94,1000;106.00,2000;106.04,1000;106.14,1000;106.24,1000;106.34,1000;106.50,200;106.80,100;106.92,1000;107.00,400;108.00,100;108.38,2000;109.00,200;109.50,8500;110.00,5000;110.70,600;110.70,1500;115.00,400;119.50,1100;122.30,500;
1289916012120;0.00,500;98.33,11500;100.00,100;100.00,9000;102.00,100;102.30,100;102.40,100;102.50,22000;102.72,700;103.00,1000;103.00,2200;103.00,500;104.00,2000;104.00,1000;104.00,2400;104.00,2500;104.00,1200;104.00,100;104.00,1200;104.00,1300;104.00,300;104.00,900;104.00,100;104.00,900;104.00,100;105.00,3000;105.00,2500;105.00,2500;105.44,200;105.54,1000;105.64,1000;105.74,1000;105.84,1000;105.94,1000;106.00,2000;106.04,1000;106.14,1000;106.24,1000;106.34,1000;106.50,200;106.80,100;106.92,1000;107.00,400;108.00,100;108.38,2000;109.00,200;109.50,8500;110.00,100;110.00,5000;110.70,600;110.70,1500;115.00,400;119.50,1100;122.30,500;
1289916012150;0.00,500;98.33,11500;100.00,100;100.00,9000;102.00,100;102.30,100;102.40,100;102.50,22000;102.72,700;103.00,1000;103.00,2200;103.00,500;104.00,2000;104.00,1000;104.00,2400;104.00,2500;104.00,1200;104.00,100;104.00,1200;104.00,1300;104.00,300;104.00,900;104.00,100;104.00,900;104.00,100;105.00,3000;105.00,2500;105.00,2500;105.44,200;105.54,1000;105.64,1000;105.74,1000;105.84,1000;105.94,1000;106.00,2000;106.04,1000;106.14,1000;106.24,1000;106.34,1000;106.50,200;106.80,100;106.92,1000;107.00,400;108.00,100;108.38,2000;109.00,200;109.50,8500;110.00,100;110.00,5000;110.70,600;110.70,1500;112.00,100;115.00,400;119.50,1100;122.30,500;
1289916012190;0.00,500;98.33,11500;100.00,100;100.00,9000;102.00,100;102.30,100;102.40,100;102.50,22000;102.72,700;103.00,1000;103.00,2200;103.00,500;104.00,2000;104.00,1000;104.00,2400;104.00,2500;104.00,1200;104.00,100;104.00,1200;104.00,1300;104.00,300;104.00,900;104.00,100;104.00,900;104.00,100;105.00,3000;105.00,2500;105.00,2500;105.44,200;105.54,1000;105.64,1000;105.74,1000;105.84,1000;105.94,1000;106.00,2000;106.04,1000;106.14,1000;106.24,1000;106.34,1000;106.50,200;106.80,100;106.92,1000;107.00,400;108.00,100;108.38,2000;109.00,200;109.50,8500;110.00,100;110.00,5000;110.70,600;110.70,1500;112.00,100;114.00,100;115.00,400;119.50,1100;122.30,500;
1289916012220;0.00,500;98.33,11500;100.00,100;100.00,9000;102.00,100;102.30,100;102.40,100;102.50,22000;102.72,700;103.00,1000;103.00,2200;103.00,500;104.00,2000;104.00,1000;104.00,2400;104.00,2500;104.00,1200;104.00,100;104.00,1200;104.00,1300;104.00,300;104.00,900;104.00,100;104.00,900;104.00,100;105.00,3000;105.00,2500;105.00,2500;105.44,200;105.54,1000;105.64,1000;105.74,1000;105.84,1000;105.94,1000;106.00,2000;106.04,1000;106.14,1000;106.24,1000;106.34,1000;106.50,200;106.80,100;106.92,1000;107.00,400;108.00,100;108.38,2000;109.00,200;109.50,8500;110.00,100;110.00,5000;110.70,600;110.70,1500;112.00,100;114.00,100;115.00,400;119.50,1100;122.30,500;
1289916266780;0.00,500;98.33,11500;100.00,100;100.00,9000;102.00,100;102.30,100;102.40,100;102.50,22000;102.72,700;103.00,1000;103.00,2200;103.00,500;104.00,2000;104.00,1000;104.00,2400;104.00,2500;104.00,1200;104.00,100;104.00,1200;104.00,1300;104.00,300;104.00,900;104.00,100;104.00,900;104.00,100;105.00,3000;105.00,2500;105.00,2500;105.44,200;105.54,1000;105.64,1000;105.74,1000;105.84,1000;105.94,1000;106.00,2000;106.04,1000;106.14,1000;106.24,1000;106.34,1000;106.50,200;106.80,100;106.92,1000;107.00,400;108.00,100;108.38,2000;109.00,200;109.50,8500;110.00,100;110.00,5000;110.70,600;110.70,1500;112.00,100;114.00,100;115.00,400;119.50,1100;122.30,500;
1289916313090;0.00,500;98.33,11500;100.00,100;100.00,9000;102.00,100;102.30,100;102.40,100;102.50,22000;102.72,700;103.00,1000;103.00,2200;103.00,500;104.00,2000;104.00,1000;104.00,2400;104.00,2500;104.00,1200;104.00,100;104.00,1200;104.00,1300;104.00,300;104.00,900;104.00,100;104.00,900;104.00,100;105.00,3000;105.00,2500;105.00,2500;105.44,200;105.54,1000;105.64,1000;105.74,1000;105.84,1000;105.94,1000;106.00,2000;106.04,1000;106.14,1000;106.24,1000;106.34,1000;106.50,200;106.80,100;106.92,1000;107.00,400;108.00,100;108.38,2000;109.00,200;109.50,8500;110.00,100;110.00,5000;110.70,600;110.70,1500;112.00,100;114.00,100;115.00,400;119.50,1100;122.30,500;
1289916328890;0.00,500;98.33,100;98.33,11500;100.00,100;100.00,9000;102.00,100;102.30,100;102.40,100;102.50,22000;102.72,700;103.00,1000;103.00,2200;103.00,500;104.00,2000;104.00,1000;104.00,2400;104.00,2500;104.00,1200;104.00,100;104.00,1200;104.00,1300;104.00,300;104.00,900;104.00,100;104.00,900;104.00,100;105.00,3000;105.00,2500;105.00,2500;105.44,200;105.54,1000;105.64,1000;105.74,1000;105.84,1000;105.94,1000;106.00,2000;106.04,1000;106.14,1000;106.24,1000;106.34,1000;106.50,200;106.80,100;106.92,1000;107.00,400;108.00,100;108.38,2000;109.00,200;109.50,8500;110.00,100;110.00,5000;110.70,600;110.70,1500;112.00,100;114.00,100;115.00,400;119.50,1100;122.30,500;
1289916329980;0.00,500;98.33,100;98.33,11500;100.00,100;100.00,9000;102.00,100;102.30,100;102.40,100;102.50,22000;102.72,700;103.00,1000;103.00,2200;103.00,500;104.00,2000;104.00,1000;104.00,2400;104.00,2500;104.00,1200;104.00,100;104.00,1200;104.00,1300;104.00,300;104.00,900;104.00,100;104.00,900;104.00,100;105.00,3000;105.00,2500;105.00,2500;105.44,200;105.54,1000;105.64,1000;105.74,1000;105.84,1000;105.94,1000;106.00,2000;106.04,1000;106.14,1000;106.24,1000;106.34,1000;106.50,200;106.80,100;106.92,1000;107.00,400;108.00,100;108.38,2000;109.00,200;109.50,8500;110.00,100;110.00,5000;110.70,600;110.70,1500;112.00,100;114.00,100;115.00,400;119.00,2500;119.50,1100;122.30,500;
1289916447210;0.00,500;98.33,100;98.33,11500;100.00,100;100.00,9000;102.00,100;102.30,100;102.40,100;102.50,22000;102.72,700;103.00,1000;103.00,2200;103.00,500;104.00,2000;104.00,1000;104.00,2400;104.00,2500;104.00,1200;104.00,100;104.00,1200;104.00,1300;104.00,300;104.00,900;104.00,100;104.00,900;104.00,100;105.00,3000;105.00,2500;105.00,2500;105.44,200;105.54,1000;105.64,1000;105.74,1000;105.84,1000;105.94,1000;106.00,2000;106.04,1000;106.14,1000;106.24,1000;106.34,1000;106.50,200;106.80,100;106.92,1000;107.00,400;108.00,100;108.38,2000;109.00,200;109.50,8500;110.00,100;110.00,5000;110.70,600;110.70,1500;112.00,100;113.08,250000;114.00,100;115.00,400;119.00,2500;119.50,1100;122.30,500;
1289916454210;0.00,500;98.33,100;98.33,11500;100.00,100;100.00,9000;102.00,100;102.30,100;102.40,100;102.50,22000;102.72,700;103.00,1000;103.00,2200;103.00,500;104.00,2000;104.00,1000;104.00,2400;104.00,2500;104.00,1200;104.00,100;104.00,1200;104.00,1300;104.00,300;104.00,900;104.00,100;104.00,900;104.00,100;105.00,3000;105.00,2500;105.00,2500;105.44,200;105.54,1000;105.64,1000;105.74,1000;105.84,1000;105.94,1000;106.00,2000;106.04,1000;106.14,1000;106.24,1000;106.34,1000;106.50,200;106.80,100;106.92,1000;107.00,400;108.00,100;108.38,2000;109.00,200;109.50,8500;110.00,100;110.00,5000;110.70,600;110.70,1500;112.00,100;113.08,250000;114.00,100;115.00,400;119.00,2500;119.50,1100;122.30,500;
1289916785770;0.00,500;98.33,100;98.33,5000;98.33,11500;100.00,100;100.00,9000;102.00,100;102.30,100;102.40,100;102.50,22000;102.72,700;103.00,1000;103.00,2200;103.00,500;104.00,2000;104.00,1000;104.00,2400;104.00,2500;104.00,1200;104.00,100;104.00,1200;104.00,1300;104.00,300;104.00,900;104.00,100;104.00,900;104.00,100;105.00,3000;105.00,2500;105.00,2500;105.44,200;105.54,1000;105.64,1000;105.74,1000;105.84,1000;105.94,1000;106.00,2000;106.04,1000;106.14,1000;106.24,1000;106.34,1000;106.50,200;106.80,100;106.92,1000;107.00,400;108.00,100;108.38,2000;109.00,200;109.50,8500;110.00,100;110.00,5000;110.70,600;110.70,1500;112.00,100;113.08,250000;114.00,100;115.00,400;119.00,2500;119.50,1100;122.30,500;
1289916794240;0.00,500;98.32,5000;98.33,100;98.33,11500;100.00,100;100.00,9000;102.00,100;102.30,100;102.40,100;102.50,22000;102.72,700;103.00,1000;103.00,2200;103.00,500;104.00,2000;104.00,1000;104.00,2400;104.00,2500;104.00,1200;104.00,100;104.00,1200;104.00,1300;104.00,300;104.00,900;104.00,100;104.00,900;104.00,100;105.00,3000;105.00,2500;105.00,2500;105.44,200;105.54,1000;105.64,1000;105.74,1000;105.84,1000;105.94,1000;106.00,2000;106.04,1000;106.14,1000;106.24,1000;106.34,1000;106.50,200;106.80,100;106.92,1000;107.00,400;108.00,100;108.38,2000;109.00,200;109.50,8500;110.00,100;110.00,5000;110.70,600;110.70,1500;112.00,100;113.08,250000;114.00,100;115.00,400;119.00,2500;119.50,1100;122.30,500;
1289917007430;0.00,500;98.32,5000;98.33,100;98.33,11500;99.50,5000;100.00,100;100.00,9000;102.00,100;102.30,100;102.40,100;102.50,22000;102.72,700;103.00,1000;103.00,2200;103.00,500;104.00,2000;104.00,1000;104.00,2400;104.00,2500;104.00,1200;104.00,100;104.00,1200;104.00,1300;104.00,300;104.00,900;104.00,100;104.00,900;104.00,100;105.00,3000;105.00,2500;105.00,2500;105.44,200;105.54,1000;105.64,1000;105.74,1000;105.84,1000;105.94,1000;106.00,2000;106.04,1000;106.14,1000;106.24,1000;106.34,1000;106.50,200;106.80,100;106.92,1000;107.00,400;108.00,100;108.38,2000;109.00,200;109.50,8500;110.00,100;110.00,5000;110.70,600;110.70,1500;112.00,100;113.08,250000;114.00,100;115.00,400;119.00,2500;119.50,1100;122.30,500;
1289917047560;0.00,500;98.32,5000;98.33,100;98.33,11500;99.50,5000;100.00,100;100.00,9000;102.00,100;102.30,100;102.40,100;102.50,22000;102.72,700;103.00,1000;103.00,2200;103.00,500;104.00,2000;104.00,1000;104.00,2400;104.00,2500;104.00,1200;104.00,100;104.00,1200;104.00,1300;104.00,300;104.00,900;104.00,100;104.00,900;104.00,100;105.00,3000;105.00,2500;105.00,2500;105.44,200;105.54,1000;105.64,1000;105.74,1000;105.84,1000;105.94,1000;106.00,2000;106.04,1000;106.14,1000;106.24,1000;106.34,1000;106.50,200;106.80,100;106.92,1000;107.00,400;108.00,100;108.38,2000;109.00,200;109.50,8500;110.00,100;110.00,5000;110.70,600;110.70,1500;112.00,100;113.08,250000;114.00,100;115.00,400;119.00,2500;119.50,1100;122.30,500;
1289917418000;0.00,500;98.32,5000;98.33,100;98.33,11500;99.50,5000;100.00,100;100.00,9000;102.00,100;102.30,100;102.40,100;102.50,22000;102.72,700;103.00,1000;103.00,2200;103.00,500;104.00,2000;104.00,1000;104.00,2400;104.00,2500;104.00,1200;104.00,100;104.00,1200;104.00,1300;104.00,300;104.00,900;104.00,100;104.00,900;104.00,100;105.00,3000;105.00,2500;105.00,2500;105.44,200;105.54,1000;105.64,1000;105.74,1000;105.84,1000;105.94,1000;106.00,2000;106.04,1000;106.14,1000;106.24,1000;106.34,1000;106.50,200;106.80,100;106.92,1000;107.00,400;108.00,100;108.38,2000;109.00,200;109.50,8500;110.00,100;110.00,5000;110.70,600;110.70,1500;112.00,100;113.08,250000;114.00,100;115.00,400;119.00,2500;119.50,1100;122.30,500;
1289917438720;0.00,500;98.32,5000;98.33,100;98.33,11500;99.50,5000;100.00,100;100.00,9000;102.00,100;102.30,100;102.40,100;102.50,22000;102.72,700;103.00,1000;103.00,2200;103.00,500;104.00,2000;104.00,1000;104.00,2400;104.00,2500;104.00,1200;104.00,100;104.00,1200;104.00,1300;104.00,300;104.00,900;104.00,100;104.00,900;104.00,100;105.00,3000;105.00,2500;105.00,2500;105.44,200;105.54,1000;105.64,1000;105.74,1000;105.84,1000;105.94,1000;106.00,2000;106.04,1000;106.14,1000;106.24,1000;106.34,1000;106.50,200;106.80,100;106.92,1000;107.00,400;108.00,100;108.38,2000;109.00,200;109.50,8500;110.00,100;110.00,5000;110.70,600;110.70,1500;112.00,100;113.08,250000;114.00,100;115.00,400;119.00,2500;119.50,1100;122.30,500;
1289917587420;0.00,500;98.32,5000;98.33,100;98.33,11500;99.49,5000;99.50,5000;100.00,100;100.00,9000;102.00,100;102.30,100;102.40,100;102.50,22000;102.72,700;103.00,1000;103.00,2200;103.00,500;104.00,2000;104.00,1000;104.00,2400;104.00,2500;104.00,1200;104.00,100;104.00,1200;104.00,1300;104.00,300;104.00,900;104.00,100;104.00,900;104.00,100;105.00,3000;105.00,2500;105.00,2500;105.44,200;105.54,1000;105.64,1000;105.74,1000;105.84,1000;105.94,1000;106.00,2000;106.04,1000;106.14,1000;106.24,1000;106.34,1000;106.50,200;106.80,100;106.92,1000;107.00,400;108.00,100;108.38,2000;109.00,200;109.50,8500;110.00,100;110.00,5000;110.70,600;110.70,1500;112.00,100;113.08,250000;114.00,100;115.00,400;119.00,2500;119.50,1100;122.30,500;
1289917731420;0.00,500;98.32,5000;98.33,100;98.33,11500;99.49,5000;99.50,5000;100.00,100;100.00,9000;102.00,100;102.30,100;102.40,100;102.50,22000;102.72,700;103.00,1000;103.00,2200;103.00,500;104.00,2000;104.00,1000;104.00,2400;104.00,2500;104.00,1200;104.00,100;104.00,1200;104.00,1300;104.00,300;104.00,900;104.00,100;104.00,900;104.00,100;105.00,3000;105.00,2500;105.00,2500;105.44,200;105.54,1000;105.64,1000;105.74,1000;105.84,1000;105.94,1000;106.00,2000;106.04,1000;106.14,1000;106.24,1000;106.34,1000;106.50,200;106.80,100;106.92,1000;107.00,400;108.00,100;108.38,2000;109.00,200;109.50,8500;110.00,100;110.00,5000;110.70,600;110.70,1500;112.00,100;113.08,250000;114.00,100;115.00,400;119.00,2500;119.50,1100;122.30,500;
1289917789190;0.00,500;98.32,5000;98.33,100;98.33,11500;99.49,5000;99.50,5000;100.00,100;100.00,9000;102.00,100;102.30,100;102.40,100;102.50,22000;102.72,700;103.00,1000;103.00,2200;103.00,500;104.00,2000;104.00,1000;104.00,2400;104.00,2500;104.00,1200;104.00,100;104.00,1200;104.00,1300;104.00,300;104.00,900;104.00,100;104.00,900;104.00,100;105.00,3000;105.00,2500;105.00,2500;105.44,200;105.54,1000;105.64,1000;105.74,1000;105.84,1000;105.94,1000;106.00,2000;106.04,1000;106.14,1000;106.24,1000;106.34,1000;106.50,200;106.80,100;106.92,1000;107.00,400;108.00,100;108.38,2000;109.00,200;109.50,8500;110.00,100;110.00,5000;110.70,600;110.70,1500;112.00,100;113.08,250000;114.00,100;115.00,400;119.00,2500;119.50,1100;122.30,500;
1289917789190;0.00,500;98.32,5000;98.33,100;98.33,11500;99.49,5000;99.50,5000;100.00,100;100.00,9000;102.00,100;102.30,100;102.40,100;102.50,22000;102.72,700;103.00,1000;103.00,2200;103.00,500;104.00,2000;104.00,1000;104.00,2400;104.00,2500;104.00,1200;104.00,100;104.00,1200;104.00,1300;104.00,300;104.00,900;104.00,100;104.00,900;104.00,100;105.00,3000;105.00,2500;105.00,2500;105.44,200;105.54,1000;105.64,1000;105.74,1000;105.84,1000;105.94,1000;106.00,2000;106.04,1000;106.14,1000;106.24,1000;106.34,1000;106.50,200;106.80,100;106.92,1000;107.00,400;108.00,100;108.38,2000;109.00,200;109.50,8500;110.00,100;110.00,5000;110.70,600;110.70,1500;112.00,100;113.08,250000;114.00,100;115.00,400;119.00,2500;119.50,1100;122.30,500;
1289917789200;0.00,500;98.32,5000;98.33,100;98.33,11500;99.49,5000;99.50,5000;100.00,100;100.00,9000;102.00,100;102.30,100;102.40,100;102.50,22000;102.72,700;103.00,1000;103.00,2200;103.00,500;104.00,2000;104.00,1000;104.00,2400;104.00,2500;104.00,1200;104.00,100;104.00,1200;104.00,1300;104.00,300;104.00,900;104.00,100;104.00,900;104.00,100;105.00,3000;105.00,2500;105.00,2500;105.44,200;105.54,1000;105.64,1000;105.74,1000;105.84,1000;105.94,1000;106.00,2000;106.04,1000;106.14,1000;106.24,1000;106.34,1000;106.50,200;106.80,100;106.92,1000;107.00,400;108.00,100;108.38,2000;109.00,200;109.50,8500;110.00,100;110.00,5000;110.70,600;110.70,1500;112.00,100;113.08,250000;114.00,100;115.00,400;119.00,2500;119.50,1100;122.30,500;
1289917789210;0.00,500;98.32,5000;98.33,100;98.33,11500;99.49,5000;99.50,5000;100.00,100;100.00,9000;102.00,100;102.30,100;102.40,100;102.50,22000;102.72,700;103.00,1000;103.00,2200;103.00,500;104.00,2000;104.00,1000;104.00,2400;104.00,2500;104.00,1200;104.00,100;104.00,1200;104.00,1300;104.00,300;104.00,900;104.00,100;104.00,900;104.00,100;105.00,3000;105.00,2500;105.00,2500;105.44,200;105.54,1000;105.64,1000;105.74,1000;105.84,1000;105.94,1000;106.00,2000;106.04,1000;106.14,1000;106.24,1000;106.34,1000;106.50,200;106.80,100;106.92,1000;107.00,400;108.00,100;108.38,2000;109.00,200;109.50,8500;110.00,100;110.00,5000;110.70,600;110.70,1500;112.00,100;113.08,250000;114.00,100;115.00,400;119.00,2500;119.50,1100;122.30,500;
1289917789210;0.00,500;98.32,5000;98.33,100;98.33,11500;99.49,5000;99.50,5000;100.00,100;100.00,9000;102.00,100;102.30,100;102.40,100;102.50,22000;102.72,700;103.00,1000;103.00,2200;103.00,500;104.00,2000;104.00,1000;104.00,2400;104.00,2500;104.00,1200;104.00,100;104.00,1200;104.00,1300;104.00,300;104.00,900;104.00,100;104.00,900;104.00,100;105.00,3000;105.00,2500;105.00,2500;105.44,200;105.54,1000;105.64,1000;105.74,1000;105.84,1000;105.94,1000;106.00,2000;106.04,1000;106.14,1000;106.24,1000;106.34,1000;106.50,200;106.80,100;106.92,1000;107.00,400;108.00,100;108.38,2000;109.00,200;109.50,8500;110.00,100;110.00,5000;110.70,600;110.70,1500;112.00,100;113.08,250000;114.00,100;115.00,400;119.00,2500;119.50,1100;122.30,500;
1289917789220;0.00,500;98.32,5000;98.33,100;98.33,11500;99.49,5000;99.50,5000;100.00,100;100.00,9000;102.00,100;102.30,100;102.40,100;102.50,22000;102.72,700;103.00,1000;103.00,2200;103.00,500;104.00,2000;104.00,1000;104.00,2400;104.00,2500;104.00,1200;104.00,100;104.00,1200;104.00,1300;104.00,300;104.00,900;104.00,100;104.00,900;104.00,100;105.00,3000;105.00,2500;105.00,2500;105.44,200;105.54,1000;105.64,1000;105.74,1000;105.84,1000;105.94,1000;106.00,2000;106.04,1000;106.14,1000;106.24,1000;106.34,1000;106.50,200;106.80,100;106.92,1000;107.00,400;108.00,100;108.38,2000;109.00,200;109.50,8500;110.00,100;110.00,5000;110.70,600;110.70,1500;112.00,100;113.08,250000;114.00,100;115.00,400;119.00,2500;119.50,1100;122.30,500;
1289917789230;0.00,500;98.32,5000;98.33,100;98.33,11500;99.49,5000;99.50,5000;100.00,100;100.00,9000;102.00,100;102.30,100;102.40,100;102.50,22000;102.72,700;103.00,1000;103.00,2200;103.00,500;104.00,2000;104.00,1000;104.00,2400;104.00,2500;104.00,1200;104.00,100;104.00,1200;104.00,1300;104.00,300;104.00,900;104.00,100;104.00,900;104.00,100;105.00,3000;105.00,2500;105.00,2500;105.44,200;105.54,1000;105.64,1000;105.74,1000;105.84,1000;105.94,1000;106.00,2000;106.04,1000;106.14,1000;106.24,1000;106.34,1000;106.50,200;106.80,100;106.92,1000;107.00,400;108.00,100;108.38,2000;109.00,200;109.50,8500;110.00,100;110.00,5000;110.70,600;110.70,1500;112.00,100;113.08,250000;114.00,100;115.00,400;119.00,2500;119.50,1100;122.30,500;
1289917802990;98.33,10200;98.75,3000;99.49,5000;99.50,5000;100.00,100;100.00,9000;102.00,100;102.30,100;102.40,100;102.50,22000;102.72,700;103.00,1000;103.00,2200;103.00,500;104.00,2000;104.00,1000;104.00,2400;104.00,2500;104.00,1200;104.00,100;104.00,1200;104.00,1300;104.00,300;104.00,900;104.00,100;104.00,900;104.00,100;105.00,3000;105.00,2500;105.00,2500;105.44,200;105.54,1000;105.64,1000;105.74,1000;105.84,1000;105.94,1000;106.00,2000;106.04,1000;106.14,1000;106.24,1000;106.34,1000;106.50,200;106.80,100;106.92,1000;107.00,400;108.00,100;108.38,2000;109.00,200;109.50,8500;110.00,100;110.00,5000;110.70,600;110.70,1500;112.00,100;113.08,250000;114.00,100;115.00,400;119.00,2500;119.50,1100;122.30,500;
1289917806380;98.33,8000;98.75,3000;99.49,5000;99.50,5000;100.00,100;100.00,9000;102.00,100;102.30,100;102.40,100;102.50,22000;102.72,700;103.00,1000;103.00,2200;103.00,500;104.00,2000;104.00,1000;104.00,2400;104.00,2500;104.00,1200;104.00,100;104.00,1200;104.00,1300;104.00,300;104.00,900;104.00,100;104.00,900;104.00,100;105.00,3000;105.00,2500;105.00,2500;105.44,200;105.54,1000;105.64,1000;105.74,1000;105.84,1000;105.94,1000;106.00,2000;106.04,1000;106.14,1000;106.24,1000;106.34,1000;106.50,200;106.80,100;106.92,1000;107.00,400;108.00,100;108.38,2000;109.00,200;109.50,8500;110.00,100;110.00,5000;110.70,600;110.70,1500;112.00,100;113.08,250000;114.00,100;115.00,400;119.00,2500;119.50,1100;122.30,500;
1289917806400;98.33,8000;98.75,3000;99.49,5000;99.50,5000;100.00,100;100.00,9000;102.00,100;102.30,100;102.40,100;102.50,22000;102.72,700;103.00,1000;103.00,2200;103.00,500;104.00,2000;104.00,1000;104.00,2400;104.00,2500;104.00,1200;104.00,100;104.00,1200;104.00,1300;104.00,300;104.00,900;104.00,100;104.00,900;104.00,100;105.00,3000;105.00,2500;105.00,2500;105.44,200;105.54,1000;105.64,1000;105.74,1000;105.84,1000;105.94,1000;106.00,2000;106.04,1000;106.14,1000;106.24,1000;106.34,1000;106.50,200;106.80,100;106.92,1000;107.00,400;108.00,100;108.38,2000;109.00,200;109.50,8500;110.00,100;110.00,5000;110.70,600;110.70,1500;112.00,100;113.08,250000;114.00,100;115.00,400;119.00,2500;119.50,1100;122.30,500;
1289917856330;98.33,8000;98.75,3000;99.49,5000;99.50,5000;100.00,100;100.00,9000;102.00,100;102.30,100;102.40,100;102.50,22000;102.72,700;103.00,1000;103.00,2200;103.00,500;104.00,2000;104.00,1000;104.00,2400;104.00,2500;104.00,1200;104.00,100;104.00,1200;104.00,1300;104.00,300;104.00,900;104.00,100;104.00,900;104.00,100;105.00,3000;105.00,2500;105.00,2500;105.44,200;105.54,1000;105.64,1000;105.74,1000;105.84,1000;105.94,1000;106.00,2000;106.04,1000;106.14,1000;106.24,1000;106.34,1000;106.50,200;106.80,100;106.92,1000;107.00,400;108.00,100;108.38,2000;109.00,200;109.50,8500;110.00,100;110.00,5000;110.70,600;110.70,1500;112.00,100;113.08,250000;114.00,100;115.00,400;119.00,2500;119.50,1100;122.30,500;
1289917856550;98.33,8000;98.75,3000;99.49,5000;99.50,5000;100.00,100;100.00,9000;102.00,100;102.30,100;102.40,100;102.50,22000;102.72,700;103.00,1000;103.00,2200;103.00,500;104.00,2000;104.00,1000;104.00,2400;104.00,2500;104.00,1200;104.00,100;104.00,1200;104.00,1300;104.00,300;104.00,900;104.00,100;104.00,900;104.00,100;105.00,3000;105.00,2500;105.00,2500;105.44,200;105.54,1000;105.64,1000;105.74,1000;105.84,1000;105.94,1000;106.00,2000;106.04,1000;106.14,1000;106.24,1000;106.34,1000;106.50,200;106.80,100;106.92,1000;107.00,400;108.00,100;108.38,2000;109.00,200;109.50,8500;110.00,100;110.00,5000;110.70,600;110.70,1500;112.00,100;112.59,250000;113.08,250000;114.00,100;115.00,400;119.00,2500;119.50,1100;122.30,500;
1289917868950;98.33,7300;98.75,3000;99.49,5000;99.50,5000;100.00,100;100.00,9000;102.00,100;102.30,100;102.40,100;102.50,22000;102.72,700;103.00,1000;103.00,2200;103.00,500;104.00,2000;104.00,1000;104.00,2400;104.00,2500;104.00,1200;104.00,100;104.00,1200;104.00,1300;104.00,300;104.00,900;104.00,100;104.00,900;104.00,100;105.00,3000;105.00,2500;105.00,2500;105.44,200;105.54,1000;105.64,1000;105.74,1000;105.84,1000;105.94,1000;106.00,2000;106.04,1000;106.14,1000;106.24,1000;106.34,1000;106.50,200;106.80,100;106.92,1000;107.00,400;108.00,100;108.38,2000;109.00,200;109.50,8500;110.00,100;110.00,5000;110.70,600;110.70,1500;112.00,100;112.59,250000;113.08,250000;114.00,100;115.00,400;119.00,2500;119.50,1100;122.30,500;
1289917868950;98.33,7300;98.75,3000;99.49,5000;99.50,5000;100.00,100;100.00,9000;102.00,100;102.30,100;102.40,100;102.50,22000;102.72,700;103.00,1000;103.00,2200;103.00,500;104.00,2000;104.00,1000;104.00,2400;104.00,2500;104.00,1200;104.00,100;104.00,1200;104.00,1300;104.00,300;104.00,900;104.00,100;104.00,900;104.00,100;105.00,3000;105.00,2500;105.00,2500;105.44,200;105.54,1000;105.64,1000;105.74,1000;105.84,1000;105.94,1000;106.00,2000;106.04,1000;106.14,1000;106.24,1000;106.34,1000;106.50,200;106.80,100;106.92,1000;107.00,400;108.00,100;108.38,2000;109.00,200;109.50,8500;110.00,100;110.00,5000;110.70,600;110.70,1500;112.00,100;112.59,250000;113.08,250000;114.00,100;115.00,400;119.00,2500;119.50,1100;122.30,500;
1289917940770;98.33,7300;98.75,3000;99.49,5000;99.50,5000;100.00,100;100.00,9000;102.00,100;102.30,100;102.40,100;102.50,22000;102.72,700;103.00,1000;103.00,2200;103.00,500;104.00,2000;104.00,1000;104.00,2400;104.00,2500;104.00,1200;104.00,100;104.00,1200;104.00,1300;104.00,300;104.00,900;104.00,100;104.00,900;104.00,100;105.00,3000;105.00,2500;105.00,2500;105.44,200;105.54,1000;105.64,1000;105.74,1000;105.84,1000;105.94,1000;106.00,2000;106.04,1000;106.14,1000;106.24,1000;106.34,1000;106.50,200;106.80,100;106.92,1000;107.00,400;108.00,100;108.38,2000;109.00,200;109.50,8500;110.00,100;110.00,5000;110.70,600;110.70,1500;112.00,100;112.59,250000;113.08,250000;114.00,100;115.00,400;119.00,2500;119.50,1100;122.30,500;
1289917995330;98.33,7000;98.75,3000;99.49,5000;99.50,5000;100.00,100;100.00,9000;102.00,100;102.30,100;102.40,100;102.50,22000;102.72,700;103.00,1000;103.00,2200;103.00,500;104.00,2000;104.00,1000;104.00,2400;104.00,2500;104.00,1200;104.00,100;104.00,1200;104.00,1300;104.00,300;104.00,900;104.00,100;104.00,900;104.00,100;105.00,3000;105.00,2500;105.00,2500;105.44,200;105.54,1000;105.64,1000;105.74,1000;105.84,1000;105.94,1000;106.00,2000;106.04,1000;106.14,1000;106.24,1000;106.34,1000;106.50,200;106.80,100;106.92,1000;107.00,400;108.00,100;108.38,2000;109.00,200;109.50,8500;110.00,100;110.00,5000;110.70,600;110.70,1500;112.00,100;112.59,250000;113.08,250000;114.00,100;115.00,400;119.00,2500;119.50,1100;122.30,500;
1289917995330;98.33,7000;98.75,3000;99.49,5000;99.50,5000;100.00,100;100.00,9000;102.00,100;102.30,100;102.40,100;102.50,22000;102.72,700;103.00,1000;103.00,2200;103.00,500;104.00,2000;104.00,1000;104.00,2400;104.00,2500;104.00,1200;104.00,100;104.00,1200;104.00,1300;104.00,300;104.00,900;104.00,100;104.00,900;104.00,100;105.00,3000;105.00,2500;105.00,2500;105.44,200;105.54,1000;105.64,1000;105.74,1000;105.84,1000;105.94,1000;106.00,2000;106.04,1000;106.14,1000;106.24,1000;106.34,1000;106.50,200;106.80,100;106.92,1000;107.00,400;108.00,100;108.38,2000;109.00,200;109.50,8500;110.00,100;110.00,5000;110.70,600;110.70,1500;112.00,100;112.59,250000;113.08,250000;114.00,100;115.00,400;119.00,2500;119.50,1100;122.30,500;
1289918034280;98.33,4100;98.75,3000;99.49,5000;99.50,5000;100.00,100;100.00,9000;102.00,100;102.30,100;102.40,100;102.50,22000;102.72,700;103.00,1000;103.00,2200;103.00,500;104.00,2000;104.00,1000;104.00,2400;104.00,2500;104.00,1200;104.00,100;104.00,1200;104.00,1300;104.00,300;104.00,900;104.00,100;104.00,900;104.00,100;105.00,3000;105.00,2500;105.00,2500;105.44,200;105.54,1000;105.64,1000;105.74,1000;105.84,1000;105.94,1000;106.00,2000;106.04,1000;106.14,1000;106.24,1000;106.34,1000;106.50,200;106.80,100;106.92,1000;107.00,400;108.00,100;108.38,2000;109.00,200;109.50,8500;110.00,100;110.00,5000;110.70,600;110.70,1500;112.00,100;112.59,250000;113.08,250000;114.00,100;115.00,400;119.00,2500;119.50,1100;122.30,500;
1289918034280;98.33,4100;98.75,3000;99.49,5000;99.50,5000;100.00,100;100.00,9000;102.00,100;102.30,100;102.40,100;102.50,22000;102.72,700;103.00,1000;103.00,2200;103.00,500;104.00,2000;104.00,1000;104.00,2400;104.00,2500;104.00,1200;104.00,100;104.00,1200;104.00,1300;104.00,300;104.00,900;104.00,100;104.00,900;104.00,100;105.00,3000;105.00,2500;105.00,2500;105.44,200;105.54,1000;105.64,1000;105.74,1000;105.84,1000;105.94,1000;106.00,2000;106.04,1000;106.14,1000;106.24,1000;106.34,1000;106.50,200;106.80,100;106.92,1000;107.00,400;108.00,100;108.38,2000;109.00,200;109.50,8500;110.00,100;110.00,5000;110.70,600;110.70,1500;112.00,100;112.59,250000;113.08,250000;114.00,100;115.00,400;119.00,2500;119.50,1100;122.30,500;
1289918052780;98.33,4100;98.75,3000;99.49,5000;99.50,5000;100.00,100;100.00,9000;102.00,100;102.30,100;102.40,100;102.50,22000;102.72,700;103.00,1000;103.00,2200;103.00,500;104.00,2000;104.00,1000;104.00,2400;104.00,2500;104.00,1200;104.00,100;104.00,1200;104.00,1300;104.00,300;104.00,900;104.00,100;104.00,900;104.00,100;105.00,3000;105.00,2500;105.00,2500;105.44,200;105.54,1000;105.64,1000;105.74,1000;105.84,1000;105.94,1000;106.00,2000;106.04,1000;106.14,1000;106.24,1000;106.34,1000;106.50,200;106.80,100;106.92,1000;107.00,400;108.00,100;108.38,2000;109.00,200;109.50,8500;110.00,100;110.00,5000;110.00,2500;110.70,600;110.70,1500;112.00,100;112.59,250000;113.08,250000;114.00,100;115.00,400;119.00,2500;119.50,1100;122.30,500;
1289918072450;98.33,4100;98.75,3000;99.49,5000;99.50,5000;100.00,100;100.00,9000;102.00,100;102.30,100;102.40,100;102.50,22000;102.72,700;103.00,1000;103.00,2200;103.00,500;104.00,2000;104.00,1000;104.00,2400;104.00,2500;104.00,1200;104.00,100;104.00,1200;104.00,1300;104.00,300;104.00,900;104.00,100;104.00,900;104.00,100;105.00,3000;105.00,2500;105.00,2500;105.44,200;105.54,1000;105.64,1000;105.74,1000;105.84,1000;105.94,1000;106.00,2000;106.04,1000;106.14,1000;106.24,1000;106.34,1000;106.50,200;106.80,100;106.92,1000;107.00,400;108.00,100;108.38,2000;109.00,200;109.50,8500;110.00,100;110.00,5000;110.00,2500;110.70,600;110.70,1500;112.00,100;112.59,250000;113.08,250000;114.00,100;115.00,400;119.00,2500;119.50,1100;122.30,500;
1289918074600;98.33,4100;98.75,3000;99.49,5000;99.50,5000;100.00,100;100.00,9000;102.00,100;102.30,100;102.40,100;102.50,22000;102.72,700;103.00,1000;103.00,2200;103.00,500;104.00,2000;104.00,1000;104.00,2400;104.00,2500;104.00,1200;104.00,100;104.00,1200;104.00,1300;104.00,300;104.00,900;104.00,100;104.00,900;104.00,100;105.00,3000;105.00,2500;105.00,2500;105.44,200;105.54,1000;105.64,1000;105.74,1000;105.84,1000;105.94,1000;106.00,2000;106.04,1000;106.14,1000;106.24,1000;106.34,1000;106.50,200;106.80,100;106.92,1000;107.00,400;108.00,100;108.38,2000;109.00,200;109.50,8500;110.00,100;110.00,5000;110.00,2500;110.70,600;110.70,1500;112.00,100;112.59,250000;113.08,250000;114.00,100;115.00,400;119.00,2500;119.50,1100;122.30,500;
1289918094970;98.33,4100;98.75,3000;99.49,5000;99.50,5000;100.00,100;100.00,9000;102.00,100;102.30,100;102.40,100;102.50,22000;102.72,700;103.00,1000;103.00,2200;103.00,500;104.00,2000;104.00,1000;104.00,2400;104.00,2500;104.00,1200;104.00,100;104.00,1200;104.00,1300;104.00,300;104.00,900;104.00,100;104.00,900;104.00,100;105.00,3000;105.00,2500;105.00,2500;105.44,200;105.54,1000;105.64,1000;105.74,1000;105.84,1000;105.94,1000;106.00,2000;106.04,1000;106.14,1000;106.24,1000;106.34,1000;106.50,200;106.80,100;106.92,1000;107.00,400;108.00,100;108.38,2000;109.00,200;109.50,8500;110.00,100;110.00,5000;110.00,2500;110.70,600;110.70,1500;112.00,100;112.59,250000;113.08,250000;114.00,100;115.00,400;119.00,2500;119.50,1100;122.30,500;
1289918171430;98.33,4100;98.75,3000;99.49,5000;99.50,5000;100.00,100;100.00,9000;102.00,100;102.30,100;102.40,100;102.50,22000;102.72,700;103.00,1000;103.00,2200;103.00,500;104.00,2000;104.00,1000;104.00,2400;104.00,2500;104.00,1200;104.00,100;104.00,1200;104.00,1300;104.00,300;104.00,900;104.00,100;104.00,900;104.00,100;105.00,3000;105.00,2500;105.00,2500;105.44,200;105.54,1000;105.64,1000;105.74,1000;105.84,1000;105.94,1000;106.00,2000;106.04,1000;106.14,1000;106.24,1000;106.34,1000;106.50,200;106.80,100;106.92,1000;107.00,400;108.00,100;108.38,2000;109.00,200;109.50,8500;110.00,100;110.00,5000;110.00,2500;110.70,600;110.70,1500;112.00,100;112.59,250000;113.08,250000;114.00,100;115.00,400;119.00,2500;119.50,1100;122.30,500;
1289918172930;98.33,4100;98.75,3000;99.49,5000;99.50,5000;100.00,100;100.00,9000;102.00,100;102.30,100;102.40,100;102.50,22000;102.72,700;103.00,1000;103.00,2200;103.00,500;104.00,2000;104.00,1000;104.00,2400;104.00,2500;104.00,1200;104.00,100;104.00,1200;104.00,1300;104.00,300;104.00,900;104.00,100;104.00,900;104.00,100;105.00,3000;105.00,2500;105.00,2500;105.44,200;105.54,1000;105.64,1000;105.74,1000;105.84,1000;105.94,1000;106.00,2000;106.04,1000;106.14,1000;106.24,1000;106.34,1000;106.50,200;106.80,100;106.92,1000;107.00,400;108.00,100;108.38,2000;109.00,200;109.50,8500;110.00,100;110.00,5000;110.00,2500;110.70,600;110.70,1500;112.00,100;112.59,250000;113.08,250000;114.00,100;115.00,400;119.00,2500;119.50,1100;122.30,500;
1289918257360;98.33,100;98.75,3000;99.49,5000;99.50,5000;100.00,100;100.00,9000;102.00,100;102.30,100;102.40,100;102.50,22000;102.72,700;103.00,1000;103.00,2200;103.00,500;104.00,2000;104.00,1000;104.00,2400;104.00,2500;104.00,1200;104.00,100;104.00,1200;104.00,1300;104.00,300;104.00,900;104.00,100;104.00,900;104.00,100;105.00,3000;105.00,2500;105.00,2500;105.44,200;105.54,1000;105.64,1000;105.74,1000;105.84,1000;105.94,1000;106.00,2000;106.04,1000;106.14,1000;106.24,1000;106.34,1000;106.50,200;106.80,100;106.92,1000;107.00,400;108.00,100;108.38,2000;109.00,200;109.50,8500;110.00,100;110.00,5000;110.00,2500;110.70,600;110.70,1500;112.00,100;112.59,250000;113.08,250000;114.00,100;115.00,400;119.00,2500;119.50,1100;122.30,500;
1289918257360;98.33,100;98.75,3000;99.49,5000;99.50,5000;100.00,100;100.00,9000;102.00,100;102.30,100;102.40,100;102.50,22000;102.72,700;103.00,1000;103.00,2200;103.00,500;104.00,2000;104.00,1000;104.00,2400;104.00,2500;104.00,1200;104.00,100;104.00,1200;104.00,1300;104.00,300;104.00,900;104.00,100;104.00,900;104.00,100;105.00,3000;105.00,2500;105.00,2500;105.44,200;105.54,1000;105.64,1000;105.74,1000;105.84,1000;105.94,1000;106.00,2000;106.04,1000;106.14,1000;106.24,1000;106.34,1000;106.50,200;106.80,100;106.92,1000;107.00,400;108.00,100;108.38,2000;109.00,200;109.50,8500;110.00,100;110.00,5000;110.00,2500;110.70,600;110.70,1500;112.00,100;112.59,250000;113.08,250000;114.00,100;115.00,400;119.00,2500;119.50,1100;122.30,500;
1289918262340;98.33,100;98.75,3000;99.49,5000;99.50,5000;100.00,100;100.00,9000;102.00,100;102.30,100;102.40,100;102.50,22000;102.72,700;103.00,1000;103.00,2200;103.00,500;104.00,2000;104.00,1000;104.00,2400;104.00,2500;104.00,1200;104.00,100;104.00,1200;104.00,1300;104.00,300;104.00,900;104.00,100;104.00,900;104.00,100;105.00,3000;105.00,2500;105.00,2500;105.44,200;105.54,1000;105.64,1000;105.74,1000;105.84,1000;105.94,1000;106.00,2000;106.04,1000;106.14,1000;106.24,1000;106.34,1000;106.50,200;106.80,100;106.92,1000;107.00,400;108.00,100;108.38,2000;109.00,200;109.50,8500;110.00,100;110.00,5000;110.00,2500;110.70,600;110.70,1500;112.00,100;112.59,250000;113.08,250000;114.00,100;115.00,400;119.00,2500;119.50,1100;122.30,500;
1289918263430;98.75,3000;99.49,5000;99.50,5000;100.00,100;100.00,9000;102.00,100;102.30,100;102.40,100;102.50,22000;102.72,700;103.00,1000;103.00,2200;103.00,500;104.00,2000;104.00,1000;104.00,2400;104.00,2500;104.00,1200;104.00,100;104.00,1200;104.00,1300;104.00,300;104.00,900;104.00,100;104.00,900;104.00,100;105.00,3000;105.00,2500;105.00,2500;105.44,200;105.54,1000;105.64,1000;105.74,1000;105.84,1000;105.94,1000;106.00,2000;106.04,1000;106.14,1000;106.24,1000;106.34,1000;106.50,200;106.80,100;106.92,1000;107.00,400;108.00,100;108.38,2000;109.00,200;109.50,8500;110.00,100;110.00,5000;110.00,2500;110.70,600;110.70,1500;112.00,100;112.59,250000;113.08,250000;114.00,100;115.00,400;119.00,2500;119.50,1100;122.30,500;
1289918263440;98.75,3000;99.49,5000;99.50,5000;100.00,100;100.00,9000;102.00,100;102.30,100;102.40,100;102.50,22000;102.72,700;103.00,1000;103.00,2200;103.00,500;104.00,2000;104.00,1000;104.00,2400;104.00,2500;104.00,1200;104.00,100;104.00,1200;104.00,1300;104.00,300;104.00,900;104.00,100;104.00,900;104.00,100;105.00,3000;105.00,2500;105.00,2500;105.44,200;105.54,1000;105.64,1000;105.74,1000;105.84,1000;105.94,1000;106.00,2000;106.04,1000;106.14,1000;106.24,1000;106.34,1000;106.50,200;106.80,100;106.92,1000;107.00,400;108.00,100;108.38,2000;109.00,200;109.50,8500;110.00,100;110.00,5000;110.00,2500;110.70,600;110.70,1500;112.00,100;112.59,250000;113.08,250000;114.00,100;115.00,400;119.00,2500;119.50,1100;122.30,500;
1289918264380;98.75,3000;99.49,5000;99.50,5000;100.00,100;100.00,9000;102.00,100;102.30,100;102.40,100;102.50,22000;102.72,700;103.00,1000;103.00,2200;103.00,500;104.00,2000;104.00,1000;104.00,2400;104.00,2500;104.00,1200;104.00,100;104.00,1200;104.00,1300;104.00,300;104.00,900;104.00,100;104.00,900;104.00,100;105.00,3000;105.00,2500;105.00,2500;105.44,200;105.54,1000;105.64,1000;105.74,1000;105.84,1000;105.94,1000;106.00,2000;106.04,1000;106.14,1000;106.24,1000;106.34,1000;106.50,200;106.80,100;106.92,1000;107.00,400;108.00,100;108.38,2000;109.00,200;109.50,8500;110.00,100;110.00,5000;110.00,2500;110.70,600;110.70,1500;112.00,100;112.59,250000;113.08,250000;114.00,100;115.00,400;119.00,2500;119.50,1100;122.30,500;
1289918272530;98.75,3000;99.49,5000;99.50,5000;100.00,100;100.00,9000;102.00,100;102.30,100;102.40,100;102.50,22000;102.72,700;103.00,1000;103.00,2200;103.00,500;104.00,2000;104.00,1000;104.00,2400;104.00,2500;104.00,1200;104.00,100;104.00,1200;104.00,1300;104.00,300;104.00,900;104.00,100;104.00,900;104.00,100;105.00,3000;105.00,2500;105.00,2500;105.44,200;105.54,1000;105.64,1000;105.74,1000;105.84,1000;105.94,1000;106.00,2000;106.04,1000;106.14,1000;106.24,1000;106.34,1000;106.50,200;106.80,100;106.92,1000;107.00,400;108.00,100;108.38,2000;109.00,200;109.50,8500;110.00,100;110.00,5000;110.00,2500;110.70,600;110.70,1500;112.00,100;112.59,250000;113.08,250000;114.00,100;115.00,400;119.00,2500;119.50,1100;122.30,500;
1289918277420;98.75,3000;98.75,400;99.49,5000;99.50,5000;100.00,100;100.00,9000;102.00,100;102.30,100;102.40,100;102.50,22000;102.72,700;103.00,1000;103.00,2200;103.00,500;104.00,2000;104.00,1000;104.00,2400;104.00,2500;104.00,1200;104.00,100;104.00,1200;104.00,1300;104.00,300;104.00,900;104.00,100;104.00,900;104.00,100;105.00,3000;105.00,2500;105.00,2500;105.44,200;105.54,1000;105.64,1000;105.74,1000;105.84,1000;105.94,1000;106.00,2000;106.04,1000;106.14,1000;106.24,1000;106.34,1000;106.50,200;106.80,100;106.92,1000;107.00,400;108.00,100;108.38,2000;109.00,200;109.50,8500;110.00,100;110.00,5000;110.00,2500;110.70,600;110.70,1500;112.00,100;112.59,250000;113.08,250000;114.00,100;115.00,400;119.00,2500;119.50,1100;122.30,500;
1289918278240;98.75,3000;98.75,400;99.49,5000;99.50,5000;100.00,100;100.00,9000;102.00,100;102.30,100;102.40,100;102.50,22000;102.72,700;103.00,1000;103.00,2200;103.00,500;104.00,2000;104.00,1000;104.00,2400;104.00,2500;104.00,1200;104.00,100;104.00,1200;104.00,1300;104.00,300;104.00,900;104.00,100;104.00,900;104.00,100;105.00,3000;105.00,2500;105.00,2500;105.44,200;105.54,1000;105.64,1000;105.74,1000;105.84,1000;105.94,1000;106.00,2000;106.04,1000;106.14,1000;106.24,1000;106.34,1000;106.50,200;106.80,100;106.92,1000;107.00,400;108.00,100;108.38,2000;109.00,200;109.50,8500;110.00,100;110.00,5000;110.00,2500;110.70,600;110.70,1500;112.00,100;112.59,250000;113.08,250000;114.00,100;115.00,400;119.00,2500;119.50,1100;122.30,500;
1289918294840;98.30,400;98.75,3000;98.75,400;99.49,5000;99.50,5000;100.00,100;100.00,9000;102.00,100;102.30,100;102.40,100;102.50,22000;102.72,700;103.00,1000;103.00,2200;103.00,500;104.00,2000;104.00,1000;104.00,2400;104.00,2500;104.00,1200;104.00,100;104.00,1200;104.00,1300;104.00,300;104.00,900;104.00,100;104.00,900;104.00,100;105.00,3000;105.00,2500;105.00,2500;105.44,200;105.54,1000;105.64,1000;105.74,1000;105.84,1000;105.94,1000;106.00,2000;106.04,1000;106.14,1000;106.24,1000;106.34,1000;106.50,200;106.80,100;106.92,1000;107.00,400;108.00,100;108.38,2000;109.00,200;109.50,8500;110.00,100;110.00,5000;110.00,2500;110.70,600;110.70,1500;112.00,100;112.59,250000;113.08,250000;114.00,100;115.00,400;119.00,2500;119.50,1100;122.30,500;
1289918294840;98.30,400;98.75,3000;98.75,400;99.49,5000;99.50,5000;100.00,100;100.00,9000;102.00,100;102.30,100;102.40,100;102.50,22000;102.72,700;103.00,1000;103.00,2200;103.00,500;104.00,2000;104.00,1000;104.00,2400;104.00,2500;104.00,1200;104.00,100;104.00,1200;104.00,1300;104.00,300;104.00,900;104.00,100;104.00,900;104.00,100;105.00,3000;105.00,2500;105.00,2500;105.44,200;105.54,1000;105.64,1000;105.74,1000;105.84,1000;105.94,1000;106.00,2000;106.04,1000;106.14,1000;106.24,1000;106.34,1000;106.50,200;106.80,100;106.92,1000;107.00,400;108.00,100;108.38,2000;109.00,200;109.50,8500;110.00,100;110.00,5000;110.00,2500;110.70,600;110.70,1500;112.00,100;112.59,250000;113.08,250000;114.00,100;115.00,400;119.00,2500;119.50,1100;122.30,500;
1289918294850;98.30,400;98.75,3000;98.75,400;99.49,5000;99.50,5000;100.00,100;100.00,9000;102.00,100;102.30,100;102.40,100;102.50,22000;102.72,700;103.00,1000;103.00,2200;103.00,500;104.00,2000;104.00,1000;104.00,2400;104.00,2500;104.00,1200;104.00,100;104.00,1200;104.00,1300;104.00,300;104.00,900;104.00,100;104.00,900;104.00,100;105.00,3000;105.00,2500;105.00,2500;105.44,200;105.54,1000;105.64,1000;105.74,1000;105.84,1000;105.94,1000;106.00,2000;106.04,1000;106.14,1000;106.24,1000;106.34,1000;106.50,200;106.80,100;106.92,1000;107.00,400;108.00,100;108.38,2000;109.00,200;109.50,8500;110.00,100;110.00,5000;110.00,2500;110.70,600;110.70,1500;112.00,100;112.59,250000;113.08,250000;114.00,100;115.00,400;119.00,2500;119.50,1100;122.30,500;
1289918294870;98.30,400;98.75,3000;98.75,400;99.49,5000;99.50,5000;100.00,100;100.00,9000;102.00,100;102.30,100;102.40,100;102.50,22000;102.72,700;103.00,1000;103.00,2200;103.00,500;104.00,2000;104.00,1000;104.00,2400;104.00,2500;104.00,1200;104.00,100;104.00,1200;104.00,1300;104.00,300;104.00,900;104.00,100;104.00,900;104.00,100;105.00,3000;105.00,2500;105.00,2500;105.44,200;105.54,1000;105.64,1000;105.74,1000;105.84,1000;105.94,1000;106.00,2000;106.04,1000;106.14,1000;106.24,1000;106.34,1000;106.50,200;106.80,100;106.92,1000;107.00,400;108.00,100;108.38,2000;109.00,200;109.50,8500;110.00,100;110.00,5000;110.00,2500;110.70,600;110.70,1500;112.00,100;112.59,250000;113.08,250000;114.00,100;115.00,400;119.00,2500;119.50,1100;122.30,500;
1289918337320;98.29,400;98.30,400;98.75,3000;99.49,5000;99.50,5000;100.00,100;100.00,9000;102.00,100;102.30,100;102.40,100;102.50,22000;102.72,700;103.00,1000;103.00,2200;103.00,500;104.00,2000;104.00,1000;104.00,2400;104.00,2500;104.00,1200;104.00,100;104.00,1200;104.00,1300;104.00,300;104.00,900;104.00,100;104.00,900;104.00,100;105.00,3000;105.00,2500;105.00,2500;105.44,200;105.54,1000;105.64,1000;105.74,1000;105.84,1000;105.94,1000;106.00,2000;106.04,1000;106.14,1000;106.24,1000;106.34,1000;106.50,200;106.80,100;106.92,1000;107.00,400;108.00,100;108.38,2000;109.00,200;109.50,8500;110.00,100;110.00,5000;110.00,2500;110.70,600;110.70,1500;112.00,100;112.59,250000;113.08,250000;114.00,100;115.00,400;119.00,2500;119.50,1100;122.30,500;
1289918337460;98.29,400;98.75,3000;99.49,5000;99.50,5000;100.00,100;100.00,9000;102.00,100;102.30,100;102.40,100;102.50,22000;102.72,700;103.00,1000;103.00,2200;103.00,500;104.00,2000;104.00,1000;104.00,2400;104.00,2500;104.00,1200;104.00,100;104.00,1200;104.00,1300;104.00,300;104.00,900;104.00,100;104.00,900;104.00,100;105.00,3000;105.00,2500;105.00,2500;105.44,200;105.54,1000;105.64,1000;105.74,1000;105.84,1000;105.94,1000;106.00,2000;106.04,1000;106.14,1000;106.24,1000;106.34,1000;106.50,200;106.80,100;106.92,1000;107.00,400;108.00,100;108.38,2000;109.00,200;109.50,8500;110.00,100;110.00,5000;110.00,2500;110.70,600;110.70,1500;112.00,100;112.59,250000;113.08,250000;114.00,100;115.00,400;119.00,2500;119.50,1100;122.30,500;
1289918392360;98.28,400;98.29,400;98.75,3000;99.49,5000;99.50,5000;100.00,100;100.00,9000;102.00,100;102.30,100;102.40,100;102.50,22000;102.72,700;103.00,1000;103.00,2200;103.00,500;104.00,2000;104.00,1000;104.00,2400;104.00,2500;104.00,1200;104.00,100;104.00,1200;104.00,1300;104.00,300;104.00,900;104.00,100;104.00,900;104.00,100;105.00,3000;105.00,2500;105.00,2500;105.44,200;105.54,1000;105.64,1000;105.74,1000;105.84,1000;105.94,1000;106.00,2000;106.04,1000;106.14,1000;106.24,1000;106.34,1000;106.50,200;106.80,100;106.92,1000;107.00,400;108.00,100;108.38,2000;109.00,200;109.50,8500;110.00,100;110.00,5000;110.00,2500;110.70,600;110.70,1500;112.00,100;112.59,250000;113.08,250000;114.00,100;115.00,400;119.00,2500;119.50,1100;122.30,500;
1289918419950;98.28,400;98.29,400;98.75,3000;99.49,5000;99.50,5000;100.00,100;100.00,9000;102.00,100;102.30,100;102.40,100;102.50,22000;102.72,700;103.00,1000;103.00,2200;103.00,500;104.00,2000;104.00,1000;104.00,2400;104.00,2500;104.00,1200;104.00,100;104.00,1200;104.00,1300;104.00,300;104.00,900;104.00,100;104.00,900;104.00,100;105.00,3000;105.00,2500;105.00,2500;105.44,200;105.54,1000;105.64,1000;105.74,1000;105.84,1000;105.94,1000;106.00,2000;106.04,1000;106.14,1000;106.24,1000;106.34,1000;106.50,200;106.80,100;106.92,1000;107.00,400;108.00,100;108.38,2000;109.00,200;109.50,8500;110.00,100;110.00,5000;110.00,2500;110.70,600;110.70,1500;112.00,100;112.59,250000;113.08,250000;114.00,100;115.00,400;119.00,2500;119.50,1100;122.30,500;
1289918436570;98.28,400;98.29,400;98.75,3000;99.00,5000;99.49,5000;99.50,5000;100.00,100;100.00,9000;102.00,100;102.30,100;102.40,100;102.50,22000;102.72,700;103.00,1000;103.00,2200;103.00,500;104.00,2000;104.00,1000;104.00,2400;104.00,2500;104.00,1200;104.00,100;104.00,1200;104.00,1300;104.00,300;104.00,900;104.00,100;104.00,900;104.00,100;105.00,3000;105.00,2500;105.00,2500;105.44,200;105.54,1000;105.64,1000;105.74,1000;105.84,1000;105.94,1000;106.00,2000;106.04,1000;106.14,1000;106.24,1000;106.34,1000;106.50,200;106.80,100;106.92,1000;107.00,400;108.00,100;108.38,2000;109.00,200;109.50,8500;110.00,100;110.00,5000;110.00,2500;110.70,600;110.70,1500;112.00,100;112.59,250000;113.08,250000;114.00,100;115.00,400;119.00,2500;119.50,1100;122.30,500;
1289918450720;98.28,400;98.75,3000;99.00,5000;99.49,5000;99.50,5000;100.00,100;100.00,9000;102.00,100;102.30,100;102.40,100;102.50,22000;102.72,700;103.00,1000;103.00,2200;103.00,500;104.00,2000;104.00,1000;104.00,2400;104.00,2500;104.00,1200;104.00,100;104.00,1200;104.00,1300;104.00,300;104.00,900;104.00,100;104.00,900;104.00,100;105.00,3000;105.00,2500;105.00,2500;105.44,200;105.54,1000;105.64,1000;105.74,1000;105.84,1000;105.94,1000;106.00,2000;106.04,1000;106.14,1000;106.24,1000;106.34,1000;106.50,200;106.80,100;106.92,1000;107.00,400;108.00,100;108.38,2000;109.00,200;109.50,8500;110.00,100;110.00,5000;110.00,2500;110.70,600;110.70,1500;112.00,100;112.59,250000;113.08,250000;114.00,100;115.00,400;119.00,2500;119.50,1100;122.30,500;
1289918459690;98.28,400;98.28,500;98.75,3000;99.00,5000;99.49,5000;99.50,5000;100.00,100;100.00,9000;102.00,100;102.30,100;102.40,100;102.50,22000;102.72,700;103.00,1000;103.00,2200;103.00,500;104.00,2000;104.00,1000;104.00,2400;104.00,2500;104.00,1200;104.00,100;104.00,1200;104.00,1300;104.00,300;104.00,900;104.00,100;104.00,900;104.00,100;105.00,3000;105.00,2500;105.00,2500;105.44,200;105.54,1000;105.64,1000;105.74,1000;105.84,1000;105.94,1000;106.00,2000;106.04,1000;106.14,1000;106.24,1000;106.34,1000;106.50,200;106.80,100;106.92,1000;107.00,400;108.00,100;108.38,2000;109.00,200;109.50,8500;110.00,100;110.00,5000;110.00,2500;110.70,600;110.70,1500;112.00,100;112.59,250000;113.08,250000;114.00,100;115.00,400;119.00,2500;119.50,1100;122.30,500;
1289918491080;98.28,500;98.75,3000;99.00,5000;99.49,5000;99.50,5000;100.00,100;100.00,9000;102.00,100;102.30,100;102.40,100;102.50,22000;102.72,700;103.00,1000;103.00,2200;103.00,500;104.00,2000;104.00,1000;104.00,2400;104.00,2500;104.00,1200;104.00,100;104.00,1200;104.00,1300;104.00,300;104.00,900;104.00,100;104.00,900;104.00,100;105.00,3000;105.00,2500;105.00,2500;105.44,200;105.54,1000;105.64,1000;105.74,1000;105.84,1000;105.94,1000;106.00,2000;106.04,1000;106.14,1000;106.24,1000;106.34,1000;106.50,200;106.80,100;106.92,1000;107.00,400;108.00,100;108.38,2000;109.00,200;109.50,8500;110.00,100;110.00,5000;110.00,2500;110.70,600;110.70,1500;112.00,100;112.59,250000;113.08,250000;114.00,100;115.00,400;119.00,2500;119.50,1100;122.30,500;
1289918519730;98.28,500;98.75,3000;99.00,5000;99.49,5000;99.50,5000;100.00,100;100.00,9000;102.00,100;102.30,100;102.40,100;102.50,22000;102.72,700;103.00,1000;103.00,2200;103.00,500;104.00,2000;104.00,1000;104.00,2400;104.00,2500;104.00,1200;104.00,100;104.00,1200;104.00,1300;104.00,300;104.00,900;104.00,100;104.00,900;104.00,100;105.00,3000;105.00,2500;105.00,2500;105.44,200;105.54,1000;105.64,1000;105.74,1000;105.84,1000;105.94,1000;106.00,2000;106.04,1000;106.14,1000;106.24,1000;106.34,1000;106.50,200;106.80,100;106.92,1000;107.00,400;108.00,100;108.38,2000;109.00,200;109.50,8500;110.00,100;110.00,5000;110.00,2500;110.70,600;110.70,1500;112.00,100;112.59,250000;113.08,250000;114.00,100;115.00,400;119.00,2500;119.50,1100;122.30,500;
1289918519730;98.28,500;98.75,3000;99.00,5000;99.49,5000;99.50,5000;100.00,100;100.00,9000;102.00,100;102.30,100;102.40,100;102.50,22000;102.72,700;103.00,1000;103.00,2200;103.00,500;104.00,2000;104.00,1000;104.00,2400;104.00,2500;104.00,1200;104.00,100;104.00,1200;104.00,1300;104.00,300;104.00,900;104.00,100;104.00,900;104.00,100;105.00,3000;105.00,2500;105.00,2500;105.44,200;105.54,1000;105.64,1000;105.74,1000;105.84,1000;105.94,1000;106.00,2000;106.04,1000;106.14,1000;106.24,1000;106.34,1000;106.50,200;106.80,100;106.92,1000;107.00,400;108.00,100;108.38,2000;109.00,200;109.50,8500;110.00,100;110.00,5000;110.00,2500;110.70,600;110.70,1500;112.00,100;112.59,250000;113.08,250000;114.00,100;115.00,400;119.00,2500;119.50,1100;122.30,500;
1289918567350;98.75,3000;99.00,5000;99.49,5000;99.50,5000;100.00,100;100.00,9000;102.00,100;102.30,100;102.40,100;102.50,22000;102.72,700;103.00,1000;103.00,2200;103.00,500;104.00,2000;104.00,1000;104.00,2400;104.00,2500;104.00,1200;104.00,100;104.00,1200;104.00,1300;104.00,300;104.00,900;104.00,100;104.00,900;104.00,100;105.00,3000;105.00,2500;105.00,2500;105.44,200;105.54,1000;105.64,1000;105.74,1000;105.84,1000;105.94,1000;106.00,2000;106.04,1000;106.14,1000;106.24,1000;106.34,1000;106.50,200;106.80,100;106.92,1000;107.00,400;108.00,100;108.38,2000;109.00,200;109.50,8500;110.00,100;110.00,5000;110.00,2500;110.70,600;110.70,1500;112.00,100;112.59,250000;113.08,250000;114.00,100;115.00,400;119.00,2500;119.50,1100;122.30,500;
1289918567350;98.75,3000;99.00,5000;99.49,5000;99.50,5000;100.00,100;100.00,9000;102.00,100;102.30,100;102.40,100;102.50,22000;102.72,700;103.00,1000;103.00,2200;103.00,500;104.00,2000;104.00,1000;104.00,2400;104.00,2500;104.00,1200;104.00,100;104.00,1200;104.00,1300;104.00,300;104.00,900;104.00,100;104.00,900;104.00,100;105.00,3000;105.00,2500;105.00,2500;105.44,200;105.54,1000;105.64,1000;105.74,1000;105.84,1000;105.94,1000;106.00,2000;106.04,1000;106.14,1000;106.24,1000;106.34,1000;106.50,200;106.80,100;106.92,1000;107.00,400;108.00,100;108.38,2000;109.00,200;109.50,8500;110.00,100;110.00,5000;110.00,2500;110.70,600;110.70,1500;112.00,100;112.59,250000;113.08,250000;114.00,100;115.00,400;119.00,2500;119.50,1100;122.30,500;
1289918567580;98.74,200;98.75,3000;99.00,5000;99.49,5000;99.50,5000;100.00,100;100.00,9000;102.00,100;102.30,100;102.40,100;102.50,22000;102.72,700;103.00,1000;103.00,2200;103.00,500;104.00,2000;104.00,1000;104.00,2400;104.00,2500;104.00,1200;104.00,100;104.00,1200;104.00,1300;104.00,300;104.00,900;104.00,100;104.00,900;104.00,100;105.00,3000;105.00,2500;105.00,2500;105.44,200;105.54,1000;105.64,1000;105.74,1000;105.84,1000;105.94,1000;106.00,2000;106.04,1000;106.14,1000;106.24,1000;106.34,1000;106.50,200;106.80,100;106.92,1000;107.00,400;108.00,100;108.38,2000;109.00,200;109.50,8500;110.00,100;110.00,5000;110.00,2500;110.70,600;110.70,1500;112.00,100;112.59,250000;113.08,250000;114.00,100;115.00,400;119.00,2500;119.50,1100;122.30,500;
1289918567630;98.74,200;98.75,3000;99.00,5000;99.49,5000;99.50,5000;100.00,100;100.00,9000;102.00,100;102.30,100;102.40,100;102.50,22000;102.72,700;103.00,1000;103.00,2200;103.00,500;104.00,2000;104.00,1000;104.00,2400;104.00,2500;104.00,1200;104.00,100;104.00,1200;104.00,1300;104.00,300;104.00,900;104.00,100;104.00,900;104.00,100;105.00,3000;105.00,2500;105.00,2500;105.44,200;105.54,1000;105.64,1000;105.74,1000;105.84,1000;105.94,1000;106.00,2000;106.04,1000;106.14,1000;106.24,1000;106.34,1000;106.50,200;106.80,100;106.92,1000;107.00,400;108.00,100;108.38,2000;109.00,200;109.50,8500;110.00,100;110.00,5000;110.00,2500;110.70,600;110.70,1500;112.00,100;112.59,250000;113.08,250000;114.00,100;115.00,400;119.00,2500;119.50,1100;122.30,500;
1289918567760;98.75,3000;99.00,5000;99.49,5000;99.50,5000;100.00,100;100.00,9000;102.00,100;102.30,100;102.40,100;102.50,22000;102.72,700;103.00,1000;103.00,2200;103.00,500;104.00,2000;104.00,1000;104.00,2400;104.00,2500;104.00,1200;104.00,100;104.00,1200;104.00,1300;104.00,300;104.00,900;104.00,100;104.00,900;104.00,100;105.00,3000;105.00,2500;105.00,2500;105.44,200;105.54,1000;105.64,1000;105.74,1000;105.84,1000;105.94,1000;106.00,2000;106.04,1000;106.14,1000;106.24,1000;106.34,1000;106.50,200;106.80,100;106.92,1000;107.00,400;108.00,100;108.38,2000;109.00,200;109.50,8500;110.00,100;110.00,5000;110.00,2500;110.70,600;110.70,1500;112.00,100;112.59,250000;113.08,250000;114.00,100;115.00,400;119.00,2500;119.50,1100;122.30,500;
1289918567980;98.75,3000;98.75,200;99.00,5000;99.49,5000;99.50,5000;100.00,100;100.00,9000;102.00,100;102.30,100;102.40,100;102.50,22000;102.72,700;103.00,1000;103.00,2200;103.00,500;104.00,2000;104.00,1000;104.00,2400;104.00,2500;104.00,1200;104.00,100;104.00,1200;104.00,1300;104.00,300;104.00,900;104.00,100;104.00,900;104.00,100;105.00,3000;105.00,2500;105.00,2500;105.44,200;105.54,1000;105.64,1000;105.74,1000;105.84,1000;105.94,1000;106.00,2000;106.04,1000;106.14,1000;106.24,1000;106.34,1000;106.50,200;106.80,100;106.92,1000;107.00,400;108.00,100;108.38,2000;109.00,200;109.50,8500;110.00,100;110.00,5000;110.00,2500;110.70,600;110.70,1500;112.00,100;112.59,250000;113.08,250000;114.00,100;115.00,400;119.00,2500;119.50,1100;122.30,500;
1289918592820;98.75,3000;98.75,200;99.00,5000;99.49,5000;99.50,5000;100.00,100;100.00,9000;102.00,100;102.30,100;102.40,100;102.50,22000;102.72,700;103.00,1000;103.00,2200;103.00,500;104.00,2000;104.00,1000;104.00,2400;104.00,2500;104.00,1200;104.00,100;104.00,1200;104.00,1300;104.00,300;104.00,900;104.00,100;104.00,900;104.00,100;105.00,3000;105.00,2500;105.00,2500;105.44,200;105.54,1000;105.64,1000;105.74,1000;105.84,1000;105.94,1000;106.00,2000;106.04,1000;106.14,1000;106.24,1000;106.34,1000;106.50,200;106.80,100;106.92,1000;107.00,400;108.00,100;108.38,2000;109.00,200;109.50,8500;110.00,100;110.00,5000;110.00,2500;110.70,600;110.70,1500;112.00,100;112.59,250000;113.08,250000;114.00,100;115.00,400;119.00,2500;119.50,1100;122.30,500;
1289918622410;98.75,3000;98.75,200;99.00,5000;99.49,5000;99.50,5000;100.00,100;100.00,9000;102.00,100;102.30,100;102.40,100;102.50,22000;102.72,700;103.00,1000;103.00,2200;103.00,500;104.00,2000;104.00,1000;104.00,2400;104.00,2500;104.00,1200;104.00,100;104.00,1200;104.00,1300;104.00,300;104.00,900;104.00,100;104.00,900;104.00,100;105.00,3000;105.00,2500;105.00,2500;105.44,200;105.54,1000;105.64,1000;105.74,1000;105.84,1000;105.94,1000;106.00,2000;106.04,1000;106.14,1000;106.24,1000;106.34,1000;106.50,200;106.80,100;106.92,1000;107.00,400;108.00,100;108.38,2000;109.00,200;109.50,8500;110.00,100;110.00,5000;110.00,2500;110.70,600;110.70,1500;112.00,100;112.59,250000;113.08,250000;114.00,100;115.00,400;119.00,2500;119.50,1100;122.30,500;
1289918653120;98.75,3000;98.75,200;99.00,5000;99.49,5000;99.50,5000;100.00,100;100.00,9000;102.00,100;102.30,100;102.40,100;102.50,22000;102.72,700;103.00,100;103.00,1000;103.00,2200;103.00,500;104.00,2000;104.00,1000;104.00,2400;104.00,2500;104.00,1200;104.00,100;104.00,1200;104.00,1300;104.00,300;104.00,900;104.00,100;104.00,900;104.00,100;105.00,3000;105.00,2500;105.00,2500;105.44,200;105.54,1000;105.64,1000;105.74,1000;105.84,1000;105.94,1000;106.00,2000;106.04,1000;106.14,1000;106.24,1000;106.34,1000;106.50,200;106.80,100;106.92,1000;107.00,400;108.00,100;108.38,2000;109.00,200;109.50,8500;110.00,100;110.00,5000;110.00,2500;110.70,600;110.70,1500;112.00,100;112.59,250000;113.08,250000;114.00,100;115.00,400;119.00,2500;119.50,1100;122.30,500;
1289918754370;98.75,3000;98.75,200;99.00,5000;99.49,5000;99.50,5000;100.00,100;100.00,9000;102.00,100;102.30,100;102.40,100;102.50,22000;102.72,700;103.00,100;103.00,1000;103.00,2200;103.00,500;104.00,2000;104.00,1000;104.00,2400;104.00,2500;104.00,1200;104.00,100;104.00,1200;104.00,1300;104.00,300;104.00,900;104.00,100;104.00,900;104.00,100;105.00,3000;105.00,2500;105.00,2500;105.44,200;105.54,1000;105.64,1000;105.74,1000;105.84,1000;105.94,1000;106.00,2000;106.04,1000;106.14,1000;106.24,1000;106.34,1000;106.50,200;106.80,100;106.92,1000;107.00,400;108.00,100;108.38,2000;109.00,200;109.50,8500;110.00,100;110.00,5000;110.00,2500;110.70,600;110.70,1500;112.00,100;112.59,250000;113.08,250000;114.00,100;115.00,400;119.00,2500;119.50,1100;122.30,500;
1289918775640;98.75,3000;98.75,200;99.00,5000;99.49,5000;99.50,5000;100.00,100;100.00,9000;102.00,100;102.30,100;102.40,100;102.50,22000;102.72,700;103.00,100;103.00,1000;103.00,2200;103.00,500;104.00,2000;104.00,1000;104.00,2400;104.00,2500;104.00,1200;104.00,100;104.00,1200;104.00,1300;104.00,300;104.00,900;104.00,100;104.00,900;104.00,100;105.00,3000;105.00,2500;105.00,2500;105.44,200;105.54,1000;105.64,1000;105.74,1000;105.84,1000;105.94,1000;106.00,2000;106.04,1000;106.14,1000;106.24,1000;106.34,1000;106.50,200;106.80,100;106.92,1000;107.00,400;108.00,100;108.38,2000;109.00,200;109.50,8500;110.00,100;110.00,5000;110.00,2500;110.70,600;110.70,1500;112.00,100;112.59,250000;113.08,250000;114.00,100;115.00,400;119.00,2500;119.50,1100;122.30,500;
1289918775640;98.75,3000;98.75,200;99.00,5000;99.49,5000;99.50,5000;100.00,100;100.00,9000;102.00,100;102.30,100;102.40,100;102.50,22000;102.72,700;103.00,100;103.00,1000;103.00,2200;103.00,500;104.00,2000;104.00,1000;104.00,2400;104.00,2500;104.00,1200;104.00,100;104.00,1200;104.00,1300;104.00,300;104.00,900;104.00,100;104.00,900;104.00,100;105.00,3000;105.00,2500;105.00,2500;105.44,200;105.54,1000;105.64,1000;105.74,1000;105.84,1000;105.94,1000;106.00,2000;106.04,1000;106.14,1000;106.24,1000;106.34,1000;106.50,200;106.80,100;106.92,1000;107.00,400;108.00,100;108.38,2000;109.00,200;109.50,8500;110.00,100;110.00,5000;110.00,2500;110.70,600;110.70,1500;112.00,100;112.59,250000;113.08,250000;114.00,100;115.00,400;119.00,2500;119.50,1100;122.30,500;
1289918775650;98.75,3000;98.75,200;99.00,5000;99.49,5000;99.50,5000;100.00,100;100.00,9000;102.00,100;102.30,100;102.40,100;102.50,22000;102.72,700;103.00,100;103.00,1000;103.00,2200;103.00,500;104.00,2000;104.00,1000;104.00,2400;104.00,2500;104.00,1200;104.00,100;104.00,1200;104.00,1300;104.00,300;104.00,900;104.00,100;104.00,900;104.00,100;105.00,3000;105.00,2500;105.00,2500;105.44,200;105.54,1000;105.64,1000;105.74,1000;105.84,1000;105.94,1000;106.00,2000;106.04,1000;106.14,1000;106.24,1000;106.34,1000;106.50,200;106.80,100;106.92,1000;107.00,400;108.00,100;108.38,2000;109.00,200;109.50,8500;110.00,100;110.00,5000;110.00,2500;110.70,600;110.70,1500;112.00,100;112.59,250000;113.08,250000;114.00,100;115.00,400;119.00,2500;119.50,1100;122.30,500;
1289918775650;98.75,3000;98.75,200;99.00,5000;99.49,5000;99.50,5000;100.00,100;100.00,9000;102.00,100;102.30,100;102.40,100;102.50,22000;102.72,700;103.00,100;103.00,1000;103.00,2200;103.00,500;104.00,2000;104.00,1000;104.00,2400;104.00,2500;104.00,1200;104.00,100;104.00,1200;104.00,1300;104.00,300;104.00,900;104.00,100;104.00,900;104.00,100;105.00,3000;105.00,2500;105.00,2500;105.44,200;105.54,1000;105.64,1000;105.74,1000;105.84,1000;105.94,1000;106.00,2000;106.04,1000;106.14,1000;106.24,1000;106.34,1000;106.50,200;106.80,100;106.92,1000;107.00,400;108.00,100;108.38,2000;109.00,200;109.50,8500;110.00,100;110.00,5000;110.00,2500;110.70,600;110.70,1500;112.00,100;112.59,250000;113.08,250000;114.00,100;115.00,400;119.00,2500;119.50,1100;122.30,500;
1289918775650;98.75,3000;98.75,200;99.00,5000;99.49,5000;99.50,5000;100.00,100;100.00,9000;102.00,100;102.30,100;102.40,100;102.50,22000;102.72,700;103.00,100;103.00,1000;103.00,2200;103.00,500;104.00,2000;104.00,1000;104.00,2400;104.00,2500;104.00,1200;104.00,100;104.00,1200;104.00,1300;104.00,300;104.00,900;104.00,100;104.00,900;104.00,100;105.00,3000;105.00,2500;105.00,2500;105.44,200;105.54,1000;105.64,1000;105.74,1000;105.84,1000;105.94,1000;106.00,2000;106.04,1000;106.14,1000;106.24,1000;106.34,1000;106.50,200;106.80,100;106.92,1000;107.00,400;108.00,100;108.38,2000;109.00,200;109.50,8500;110.00,100;110.00,5000;110.00,2500;110.70,600;110.70,1500;112.00,100;112.59,250000;113.08,250000;114.00,100;115.00,400;119.00,2500;119.50,1100;122.30,500;
1289918775680;98.75,3000;98.75,200;99.00,5000;99.49,5000;99.50,5000;100.00,100;100.00,9000;102.00,100;102.30,100;102.40,100;102.50,22000;102.72,700;103.00,100;103.00,1000;103.00,2200;103.00,500;104.00,2000;104.00,1000;104.00,2400;104.00,2500;104.00,1200;104.00,100;104.00,1200;104.00,1300;104.00,300;104.00,900;104.00,100;104.00,900;104.00,100;105.00,3000;105.00,2500;105.00,2500;105.44,200;105.54,1000;105.64,1000;105.74,1000;105.84,1000;105.94,1000;106.00,2000;106.04,1000;106.14,1000;106.24,1000;106.34,1000;106.50,200;106.80,100;106.92,1000;107.00,400;108.00,100;108.38,2000;109.00,200;109.50,8500;110.00,100;110.00,5000;110.00,2500;110.70,600;110.70,1500;112.00,100;112.59,250000;113.08,250000;114.00,100;115.00,400;119.00,2500;119.50,1100;122.30,500;
1289918775690;98.75,3000;98.75,200;99.00,5000;99.49,5000;99.50,5000;100.00,100;100.00,9000;102.00,100;102.30,100;102.40,100;102.50,22000;102.72,700;103.00,100;103.00,1000;103.00,2200;103.00,500;104.00,2000;104.00,1000;104.00,2400;104.00,2500;104.00,1200;104.00,100;104.00,1200;104.00,1300;104.00,300;104.00,900;104.00,100;104.00,900;104.00,100;105.00,3000;105.00,2500;105.00,2500;105.44,200;105.54,1000;105.64,1000;105.74,1000;105.84,1000;105.94,1000;106.00,2000;106.04,1000;106.14,1000;106.24,1000;106.34,1000;106.50,200;106.80,100;106.92,1000;107.00,400;108.00,100;108.38,2000;109.00,200;109.50,8500;110.00,100;110.00,5000;110.00,2500;110.70,600;110.70,1500;112.00,100;112.59,250000;113.08,250000;114.00,100;115.00,400;119.00,2500;119.50,1100;122.30,500;
1289918931890;98.10,1400;98.75,3000;98.75,200;99.00,5000;99.49,5000;99.50,5000;100.00,100;100.00,9000;102.00,100;102.30,100;102.40,100;102.50,22000;102.72,700;103.00,100;103.00,1000;103.00,2200;103.00,500;104.00,2000;104.00,1000;104.00,2400;104.00,2500;104.00,1200;104.00,100;104.00,1200;104.00,1300;104.00,300;104.00,900;104.00,100;104.00,900;104.00,100;105.00,3000;105.00,2500;105.00,2500;105.44,200;105.54,1000;105.64,1000;105.74,1000;105.84,1000;105.94,1000;106.00,2000;106.04,1000;106.14,1000;106.24,1000;106.34,1000;106.50,200;106.80,100;106.92,1000;107.00,400;108.00,100;108.38,2000;109.00,200;109.50,8500;110.00,100;110.00,5000;110.00,2500;110.70,600;110.70,1500;112.00,100;112.59,250000;113.08,250000;114.00,100;115.00,400;119.00,2500;119.50,1100;122.30,500;
1289918931890;98.10,1400;98.75,3000;98.75,200;99.00,5000;99.49,5000;99.50,5000;100.00,100;100.00,9000;102.00,100;102.30,100;102.40,100;102.50,22000;102.72,700;103.00,100;103.00,1000;103.00,2200;103.00,500;104.00,2000;104.00,1000;104.00,2400;104.00,2500;104.00,1200;104.00,100;104.00,1200;104.00,1300;104.00,300;104.00,900;104.00,100;104.00,900;104.00,100;105.00,3000;105.00,2500;105.00,2500;105.44,200;105.54,1000;105.64,1000;105.74,1000;105.84,1000;105.94,1000;106.00,2000;106.04,1000;106.14,1000;106.24,1000;106.34,1000;106.50,200;106.80,100;106.92,1000;107.00,400;108.00,100;108.38,2000;109.00,200;109.50,8500;110.00,100;110.00,5000;110.00,2500;110.70,600;110.70,1500;112.00,100;112.59,250000;113.08,250000;114.00,100;115.00,400;119.00,2500;119.50,1100;122.30,500;
1289918931910;98.10,1400;98.75,3000;98.75,200;99.00,5000;99.49,5000;99.50,5000;100.00,100;100.00,9000;102.00,100;102.30,100;102.40,100;102.50,22000;102.72,700;103.00,100;103.00,1000;103.00,2200;103.00,500;104.00,2000;104.00,1000;104.00,2400;104.00,2500;104.00,1200;104.00,100;104.00,1200;104.00,1300;104.00,300;104.00,900;104.00,100;104.00,900;104.00,100;105.00,3000;105.00,2500;105.00,2500;105.44,200;105.54,1000;105.64,1000;105.74,1000;105.84,1000;105.94,1000;106.00,2000;106.04,1000;106.14,1000;106.24,1000;106.34,1000;106.50,200;106.80,100;106.92,1000;107.00,400;108.00,100;108.38,2000;109.00,200;109.50,8500;110.00,100;110.00,5000;110.00,2500;110.70,600;110.70,1500;112.00,100;112.59,250000;113.08,250000;114.00,100;115.00,400;119.00,2500;119.50,1100;122.30,500;
1289918931910;98.10,1400;98.75,3000;98.75,200;99.00,5000;99.49,5000;99.50,5000;100.00,100;100.00,9000;102.00,100;102.30,100;102.40,100;102.50,22000;102.72,700;103.00,100;103.00,1000;103.00,2200;103.00,500;104.00,2000;104.00,1000;104.00,2400;104.00,2500;104.00,1200;104.00,100;104.00,1200;104.00,1300;104.00,300;104.00,900;104.00,100;104.00,900;104.00,100;105.00,3000;105.00,2500;105.00,2500;105.44,200;105.54,1000;105.64,1000;105.74,1000;105.84,1000;105.94,1000;106.00,2000;106.04,1000;106.14,1000;106.24,1000;106.34,1000;106.50,200;106.80,100;106.92,1000;107.00,400;108.00,100;108.38,2000;109.00,200;109.50,8500;110.00,100;110.00,5000;110.00,2500;110.70,600;110.70,1500;112.00,100;112.59,250000;113.08,250000;114.00,100;115.00,400;119.00,2500;119.50,1100;122.30,500;
1289918931910;98.10,1400;98.75,3000;98.75,200;99.00,5000;99.49,5000;99.50,5000;100.00,100;100.00,9000;102.00,100;102.30,100;102.40,100;102.50,22000;102.72,700;103.00,100;103.00,1000;103.00,2200;103.00,500;104.00,2000;104.00,1000;104.00,2400;104.00,2500;104.00,1200;104.00,100;104.00,1200;104.00,1300;104.00,300;104.00,900;104.00,100;104.00,900;104.00,100;105.00,3000;105.00,2500;105.00,2500;105.44,200;105.54,1000;105.64,1000;105.74,1000;105.84,1000;105.94,1000;106.00,2000;106.04,1000;106.14,1000;106.24,1000;106.34,1000;106.50,200;106.80,100;106.92,1000;107.00,400;108.00,100;108.38,2000;109.00,200;109.50,8500;110.00,100;110.00,5000;110.00,2500;110.70,600;110.70,1500;112.00,100;112.59,250000;113.08,250000;114.00,100;115.00,400;119.00,2500;119.50,1100;122.30,500;
1289918931940;98.10,1400;98.75,3000;98.75,200;99.00,5000;99.49,5000;99.50,5000;100.00,100;100.00,9000;102.00,100;102.30,100;102.40,100;102.50,22000;102.72,700;103.00,100;103.00,1000;103.00,2200;103.00,500;104.00,2000;104.00,1000;104.00,2400;104.00,2500;104.00,1200;104.00,100;104.00,1200;104.00,1300;104.00,300;104.00,900;104.00,100;104.00,900;104.00,100;105.00,3000;105.00,2500;105.00,2500;105.44,200;105.54,1000;105.64,1000;105.74,1000;105.84,1000;105.94,1000;106.00,2000;106.04,1000;106.14,1000;106.24,1000;106.34,1000;106.50,200;106.80,100;106.92,1000;107.00,400;108.00,100;108.38,2000;109.00,200;109.50,8500;110.00,100;110.00,5000;110.00,2500;110.70,600;110.70,1500;112.00,100;112.59,250000;113.08,250000;114.00,100;115.00,400;119.00,2500;119.50,1100;122.30,500;
1289918932230;98.10,1400;98.75,3000;98.75,200;99.00,5000;99.49,5000;99.50,5000;100.00,100;100.00,9000;102.00,100;102.30,100;102.40,100;102.50,22000;102.72,700;103.00,100;103.00,1000;103.00,2200;103.00,500;104.00,2000;104.00,1000;104.00,2400;104.00,2500;104.00,1200;104.00,100;104.00,1200;104.00,1300;104.00,300;104.00,900;104.00,100;104.00,900;104.00,100;105.00,3000;105.00,2500;105.00,2500;105.44,200;105.54,1000;105.64,1000;105.74,1000;105.84,1000;105.94,1000;106.00,2000;106.04,1000;106.14,1000;106.24,1000;106.34,1000;106.50,200;106.80,100;106.92,1000;107.00,400;108.00,100;108.38,2000;109.00,200;109.50,8500;110.00,100;110.00,5000;110.00,2500;110.70,600;110.70,1500;112.00,100;112.59,250000;113.08,250000;114.00,100;115.00,400;119.00,2500;119.50,1100;122.30,500;
1289918932400;98.10,1400;98.75,3000;98.75,200;99.00,5000;99.49,5000;99.50,5000;100.00,100;100.00,9000;102.00,100;102.30,100;102.40,100;102.50,22000;102.72,700;103.00,100;103.00,1000;103.00,2200;103.00,500;104.00,2000;104.00,1000;104.00,2400;104.00,2500;104.00,1200;104.00,100;104.00,1200;104.00,1300;104.00,300;104.00,900;104.00,100;104.00,900;104.00,100;105.00,3000;105.00,2500;105.00,2500;105.44,200;105.54,1000;105.64,1000;105.74,1000;105.84,1000;105.94,1000;106.00,2000;106.04,1000;106.14,1000;106.24,1000;106.34,1000;106.50,200;106.80,100;106.92,1000;107.00,400;108.00,100;108.38,2000;109.00,200;109.50,8500;110.00,100;110.00,5000;110.00,2500;110.70,600;110.70,1500;112.00,100;112.59,250000;113.08,250000;114.00,100;115.00,400;119.00,2500;119.50,1100;122.30,500;
1289918953550;98.10,1400;98.75,3000;98.75,200;99.00,5000;99.49,5000;99.50,5000;100.00,100;100.00,9000;102.00,100;102.30,100;102.40,100;102.50,22000;102.72,700;103.00,100;103.00,1